manifest_files=16
validated_files=16
failed_files=0
expected_bytes=7301398392
actual_bytes=7301398392
expected_GiB=6.799957
actual_GiB=6.799957
status=PASS
