read_id	clean_length	perturbed_length	length_change	clean_mean_qscore	perturbed_mean_qscore	mean_qscore_change	sequence_identical	edit_distance	normalized_edit_distance	sequence_identity_percent	alignment_identity_percent	matches	substitutions	insertions	deletions
000ed7f1-bc62-4311-bf8c-218e4a715d9a	1538	1563	25	29.951235	29.087652	-0.863583	0	51	0.0326295585	96.737044	96.757788	1522	6	35	10
0036953b-980e-47f3-bdd0-3923921aff69	318	318	0	27.578616	27.723270	0.144654	0	4	0.0125786164	98.742138	98.742138	314	4	0	0
00585866-be90-4bff-bf96-a5155418ff88	1397	1398	1	35.207588	34.944921	-0.262666	0	9	0.0064377682	99.356223	99.357143	1391	4	3	2
006afbd3-a5dd-488e-bcc6-e265cf8abbcd	3637	3641	4	30.710476	30.755562	0.045086	0	24	0.0065915957	99.340840	99.342286	3625	4	12	8
0073f3c0-5af0-4691-8100-10c5a30efc55	573	573	0	40.788831	40.125654	-0.663176	1	0	0.0000000000	100.000000	100.000000	573	0	0	0
00bb5df4-101b-4549-99f2-5df722844f98	972	972	0	40.168724	39.808642	-0.360082	1	0	0.0000000000	100.000000	100.000000	972	0	0	0
00ef6a11-0fe8-400e-ade3-650aa30da177	360	361	1	33.305556	33.481994	0.176439	0	1	0.0027700831	99.722992	99.722992	360	0	1	0
0137c47d-6551-4f1a-84f4-e9369da48266	1132	1131	-1	38.645760	38.648099	0.002339	0	4	0.0035335689	99.646643	99.646643	1128	3	0	1
01796034-9e1f-44db-8b06-2297bff85ab7	3206	3211	5	36.148784	35.992837	-0.155946	0	24	0.0074743071	99.252569	99.253963	3193	7	11	6
01f5e7c3-c75d-4cc9-b8dd-89e4a6777b66	3145	3147	2	40.947854	40.943120	-0.004733	0	8	0.0025421036	99.745790	99.746032	3142	0	5	3
0202d0c0-9e10-4fb4-9908-d41d3583c054	488	488	0	37.147541	36.733607	-0.413934	0	1	0.0020491803	99.795082	99.795082	487	1	0	0
029ac4f8-d2fe-4760-833c-8b952b71c658	357	357	0	28.593838	29.120448	0.526611	0	8	0.0224089636	97.759104	97.771588	351	4	2	2
02ac7244-7cba-4d0c-800e-ddeac889047e	2011	2010	-1	41.400796	41.368657	-0.032139	0	2	0.0009945301	99.900547	99.900547	2009	1	0	1
02d9a072-aa01-41d8-9931-4f5972bdf075	4565	4568	3	38.745893	38.683450	-0.062443	0	14	0.0030647986	99.693520	99.693788	4558	3	7	4
03404653-6e35-47ab-b9e4-b98f15b9e6e8	3961	3958	-3	38.854582	39.045730	0.191148	0	18	0.0045443070	99.545569	99.545913	3946	9	3	6
03ca6578-9f5b-4f53-8577-51ae5ec47898	31581	31582	1	38.980210	38.916978	-0.063232	0	70	0.0022164524	99.778355	99.778502	31533	27	22	21
0465a968-47f0-46f3-8864-eaa7e7324a76	284	277	-7	1.690141	1.368231	-0.321910	0	8	0.0281690141	97.183099	97.183099	276	1	0	7
04cb0728-880b-430c-b213-b8c0cd5c50ff	481	481	0	31.347193	31.051975	-0.295218	1	0	0.0000000000	100.000000	100.000000	481	0	0	0
04fd143c-6822-4623-bb7a-91c71f7bcd14	590	590	0	40.889831	40.340678	-0.549153	1	0	0.0000000000	100.000000	100.000000	590	0	0	0
0505bf07-6018-40c7-98b3-86786d8c29ab	2561	2576	15	38.689965	38.371506	-0.318459	0	17	0.0065993789	99.340062	99.340318	2560	0	16	1
065a405f-77de-4fa2-8b96-670e3383ebf6	10508	10568	60	38.732394	38.324281	-0.408114	0	296	0.0280090840	97.199092	97.201739	10282	216	70	10
0687c6bb-6432-4c63-ba47-a6068b66462f	1233	1233	0	38.921330	38.835361	-0.085969	0	1	0.0008110300	99.918897	99.918897	1232	1	0	0
0694058d-2a5d-44b4-aa89-fdedbc4a0914	34734	34725	-9	40.476824	40.326508	-0.150316	0	38	0.0010940289	99.890597	99.890635	34708	5	12	21
06a2b40a-c3a9-491e-8f58-43c4f9a0bead	310	310	0	41.570968	41.332258	-0.238710	1	0	0.0000000000	100.000000	100.000000	310	0	0	0
06e97134-72e1-4198-9b5a-89c0c7f87e47	5030	5026	-4	38.358847	38.065062	-0.293785	0	32	0.0063618290	99.363817	99.365079	5008	8	10	14
076b31b1-c350-4d35-9821-abf937032c01	5268	5262	-6	33.968299	33.645382	-0.322917	0	38	0.0072133637	99.278664	99.280030	5240	12	10	16
07d10455-59da-4ccb-8ab1-470d42b9521f	6543	6539	-4	36.603240	36.359994	-0.243246	0	36	0.0055020633	99.449794	99.450633	6517	12	10	14
0812e3c5-97ef-4297-8a99-8789e523ff34	3730	3747	17	35.288204	34.927409	-0.360795	0	125	0.0333600214	96.663998	96.668443	3627	98	22	5
0872ae0a-a7a6-40b6-a007-9a08cae8a466	291	290	-1	23.247423	23.382759	0.135336	0	10	0.0343642612	96.563574	96.575342	282	7	1	2
0920a617-82b2-44bd-a8ec-86bbb5361359	430	429	-1	26.339535	25.948718	-0.390817	0	5	0.0116279070	98.837209	98.842593	427	0	2	3
099ef23d-0369-439a-a81a-55198e989d38	9380	9374	-6	41.489232	41.324835	-0.164398	0	24	0.0025586354	99.744136	99.744246	9360	10	4	10
09b746ee-817e-4590-a374-a1e893ea7797	2076	2075	-1	28.549133	28.384096	-0.165037	0	35	0.0168593449	98.314066	98.323755	2053	10	12	13
0a457266-ebc4-40f9-81d7-1ba97f61932b	541	540	-1	33.547135	33.331481	-0.215653	0	1	0.0018484288	99.815157	99.815157	540	0	0	1
0a7af4b0-affd-4a70-aae5-3e7ddf82ffb5	13262	13263	1	41.187377	41.121994	-0.065384	0	22	0.0016587499	99.834125	99.834213	13248	7	8	7
0a94e3ba-47d3-4b75-8f09-cff90e3ba974	289	289	0	32.373702	33.173010	0.799308	0	2	0.0069204152	99.307958	99.307958	287	2	0	0
0aa7150f-46d1-4d8b-8a49-833c1a9710bf	48460	48455	-5	38.438300	38.264761	-0.173539	0	176	0.0036318613	99.636814	99.637270	48345	49	61	66
0ab78041-5951-4e3e-8ecf-46a380edf1f8	2323	2327	4	39.491175	39.341642	-0.149534	0	11	0.0047271165	99.527288	99.527694	2318	3	6	2
0b27d376-dcaa-45b2-8d40-9b8e93931d10	2811	2809	-2	39.712202	39.690637	-0.021565	0	12	0.0042689434	99.573106	99.573561	2802	4	3	5
0bd173d4-877d-48b2-bf5b-d7d77a86e6c0	8177	8176	-1	34.965513	34.869985	-0.095528	0	25	0.0030573560	99.694264	99.694601	8161	6	9	10
0c0a8018-bec9-4fc7-ae55-206e57f64a71	4813	4821	8	38.967796	38.819332	-0.148463	0	18	0.0037336652	99.626633	99.626788	4805	6	10	2
0c4cddec-181d-4f12-b068-1fc04dcce924	325	325	0	24.393846	24.526154	0.132308	0	1	0.0030769231	99.692308	99.692308	324	1	0	0
0cdb77a5-322f-4e55-b9a8-7f003a03849e	37400	37402	2	42.241658	42.133816	-0.107841	0	54	0.0014437731	99.855623	99.855692	37366	16	20	18
0d096081-f762-4687-a9b4-c1f04c2b3204	4967	4967	0	41.481578	41.320717	-0.160862	0	3	0.0006039863	99.939601	99.939614	4965	1	1	1
0d5a994f-682e-4c9c-935c-e99b52086b67	237	239	2	25.945148	28.389121	2.443974	0	2	0.0083682008	99.163180	99.163180	237	0	2	0
0d67ce7d-9389-49d0-9ea2-f712667c1997	615	607	-8	28.237398	27.884679	-0.352720	0	16	0.0260162602	97.398374	97.402597	600	6	1	9
0d8fd785-cf64-48e3-b4ff-1bcc56815bd4	700	705	5	26.700000	26.276596	-0.423404	0	9	0.0127659574	98.723404	98.725212	697	2	6	1
0de2b6f0-5210-4526-b636-0d607d6eb1a6	1171	1171	0	40.841161	40.517506	-0.323655	1	0	0.0000000000	100.000000	100.000000	1171	0	0	0
0e13ed29-4c55-4a48-acd0-9745414fd8be	3372	3370	-2	38.599644	38.779822	0.180178	0	15	0.0044483986	99.555160	99.555556	3360	7	3	5
0e253ec6-6393-411f-ad90-5f0459316e65	1678	1644	-34	39.015495	39.642336	0.626841	0	41	0.0244338498	97.556615	97.559524	1639	3	2	36
0f192d1b-b2ef-4e2c-a1e3-533100490fd5	2061	2062	1	35.526929	34.113967	-1.412962	0	7	0.0033947624	99.660524	99.660853	2057	2	3	2
0f2bf7e1-cc46-4d92-b457-dab7f00a3f22	1873	1892	19	29.890016	29.266913	-0.623103	0	75	0.0396405920	96.035941	96.042216	1820	50	22	3
0fc815ae-af2d-41cf-9d82-4d358a48d97e	395	361	-34	2.220253	2.038781	-0.181472	0	34	0.0860759494	91.392405	91.392405	361	0	0	34
0fca3c0c-b5b4-4e24-a63e-4519631f0d27	1053	1052	-1	25.835708	25.490494	-0.345213	0	1	0.0009496676	99.905033	99.905033	1052	0	0	1
0fcd41e5-d092-4890-8169-8d316d9359b2	2795	2801	6	25.628623	25.538022	-0.090600	0	46	0.0164227062	98.357729	98.365897	2769	12	20	14
10153fc2-a9d4-4fa5-a8d2-d5787277bf41	428	427	-1	27.822430	27.852459	0.030029	0	2	0.0046728972	99.532710	99.532710	426	1	0	1
103be9c0-ad65-4a4f-b625-ee0a03ffcfd5	4484	4486	2	38.703390	38.762149	0.058759	0	15	0.0033437361	99.665626	99.665850	4474	7	5	3
1092b6aa-7c91-4a6a-bcc0-132dc34e4ecf	1048	1044	-4	39.288168	39.154215	-0.133953	0	8	0.0076335878	99.236641	99.238095	1042	0	2	6
10d34dd9-8a28-4b53-9179-04d1407bb03f	5644	5650	6	38.778880	38.600708	-0.178172	0	7	0.0012389381	99.876106	99.876106	5643	1	6	0
113363dc-2af9-4525-835a-dd00f04e617a	9121	9130	9	25.549063	25.437678	-0.111385	0	127	0.0139101862	98.608981	98.615049	9043	38	49	40
11dcdf68-e560-4d6d-b7b6-565694825240	4277	4279	2	39.176526	38.986445	-0.190080	0	4	0.0009347978	99.906520	99.906542	4276	0	3	1
12491f94-65b9-4d6d-9bdd-7f0ad4cf53c3	5018	5021	3	34.372260	34.020116	-0.352144	0	25	0.0049790878	99.502091	99.502488	5000	14	7	4
13187232-ec41-47f0-8e78-14a466d6995f	1343	1344	1	40.921817	41.183780	0.261963	0	1	0.0007440476	99.925595	99.925595	1343	0	1	0
1319e7ee-3916-467c-88c2-8153b1ab83ec	2793	2800	7	40.045113	39.718929	-0.326184	0	18	0.0064285714	99.357143	99.357831	2785	5	10	3
1329b616-0d49-41b3-8d12-426ec659d086	662	661	-1	30.938066	30.409985	-0.528082	0	7	0.0105740181	98.942598	98.945783	657	2	2	3
13718d6b-c9c2-41bd-a6b9-553808185306	4754	4755	1	40.055532	39.871504	-0.184029	0	14	0.0029442692	99.705573	99.705759	4744	7	4	3
138e07b4-834b-4e88-b880-aa7dc9967fed	5454	5456	2	40.222406	40.098240	-0.124165	0	8	0.0014662757	99.853372	99.853453	5451	0	5	3
13c506fe-aa79-4880-8546-d2721c01db88	3900	3897	-3	34.345641	34.551450	0.205809	0	29	0.0074358974	99.256410	99.258502	3882	4	11	14
14157bc4-d9c1-45ee-813a-79a932b0cdca	2246	2246	0	37.914515	37.617542	-0.296972	0	5	0.0022261799	99.777382	99.777580	2243	1	2	2
14360209-da36-4834-97ae-ce87a7a52abd	5249	5252	3	37.123262	36.988576	-0.134686	0	8	0.0015232292	99.847677	99.847706	5245	3	4	1
1440482b-e03f-45cb-aee6-68b7617a6f18	627	624	-3	39.668262	39.568910	-0.099351	0	4	0.0063795853	99.362041	99.362041	623	1	0	3
1521a4a4-872b-43e5-a10c-7a5b155000ff	446	444	-2	27.874439	27.195946	-0.678494	0	7	0.0156950673	98.430493	98.434004	440	3	1	3
153d9c49-28d1-4559-a00a-3a1c3cd0f427	5655	5655	0	26.985500	26.883466	-0.102034	0	57	0.0100795756	98.992042	98.994354	5611	31	13	13
15897d51-7859-4d5e-8c48-f866f11a034d	14447	14451	4	38.548488	38.404539	-0.143948	0	60	0.0041519618	99.584804	99.585349	14410	18	23	19
15c1142c-446f-44d1-8cf2-82e130407a61	331	331	0	28.709970	28.691843	-0.018127	0	2	0.0060422961	99.395770	99.397590	330	0	1	1
15e63e9d-f7b9-485d-b101-20561489a4a0	424	422	-2	26.476415	26.549763	0.073348	0	2	0.0047169811	99.528302	99.528302	422	0	0	2
164acd09-5f6a-4046-abe8-82d968e3a830	7782	7962	180	34.252891	35.129992	0.877101	0	223	0.0280080382	97.199196	97.201656	7746	29	187	7
167ddd77-13b7-4b95-90dc-f4715a0eb66a	386	386	0	28.966321	29.088083	0.121762	1	0	0.0000000000	100.000000	100.000000	386	0	0	0
16a345c3-162b-4816-b5bb-59ddb92d83a6	2271	2269	-2	26.824306	26.674747	-0.149560	0	22	0.0096873624	99.031264	99.034241	2256	6	7	9
16cdd63c-9d6d-44db-a40a-d9ad400016fb	292	292	0	40.143836	39.671233	-0.472603	1	0	0.0000000000	100.000000	100.000000	292	0	0	0
16ec8438-61d1-40e6-b7bd-db85bb3c4202	376	378	2	26.422872	25.947090	-0.475782	0	4	0.0105820106	98.941799	98.944591	375	0	3	1
171d6c5c-4bfa-40e6-88cf-c49fb60dbd39	5538	5545	7	33.880462	33.746078	-0.134385	0	25	0.0045085663	99.549143	99.549631	5526	6	13	6
176feeba-ea05-4772-8c6e-4b97f97b136a	2549	2549	0	38.842683	38.241663	-0.601020	0	9	0.0035307964	99.646920	99.647197	2542	5	2	2
177739d2-fb28-453b-a88c-19c65550871c	717	717	0	40.390516	40.317992	-0.072524	1	0	0.0000000000	100.000000	100.000000	717	0	0	0
17870eb6-4bf3-425f-b096-b09acc56c1ad	8091	8113	22	32.407613	31.949217	-0.458396	0	72	0.0088746456	99.112535	99.114064	8055	22	36	14
178b3298-8db7-4ba5-8ff8-161778df825f	39869	39891	22	38.524016	38.334612	-0.189404	0	119	0.0029831290	99.701687	99.701919	39803	35	53	31
17cd9df2-dbc7-418b-9ea3-0c3649fb328a	6217	6201	-16	35.210069	35.255765	0.045696	0	27	0.0043429307	99.565707	99.565916	6193	5	3	19
18279ad5-0409-4de9-94c7-bd8c03a755ef	5199	5193	-6	39.433160	39.415559	-0.017601	0	17	0.0032698596	99.673014	99.673203	5185	5	3	9
18e4a73b-e09a-493b-ba25-15c797e5864b	404	403	-1	34.400990	34.173697	-0.227293	0	3	0.0074257426	99.257426	99.257426	401	2	0	1
19172f2f-4b11-4687-a473-039ace903a13	282	306	24	1.900709	1.888889	-0.011820	0	24	0.0784313725	92.156863	92.156863	282	0	24	0
192c321d-dc65-4c34-8ab8-ea72915a58fc	339	341	2	29.840708	29.733138	-0.107570	0	5	0.0146627566	98.533724	98.538012	337	1	3	1
195704c7-9aaa-4401-b562-062e6c837d09	372	372	0	25.034946	23.983871	-1.051075	0	4	0.0107526882	98.924731	98.930481	370	0	2	2
1967a5e2-b303-4103-b81c-c2cdc1475a75	5441	5446	5	39.722110	39.696107	-0.026003	0	14	0.0025706941	99.742931	99.743119	5436	1	9	4
19dfcdae-1802-4735-9d80-5dd6f3bf0055	739	742	3	27.604871	26.136119	-1.468753	0	13	0.0175202156	98.247978	98.252688	731	6	5	2
1a1e18c4-2425-4e42-9b3c-5402e70a7654	252	252	0	26.214286	26.337302	0.123016	1	0	0.0000000000	100.000000	100.000000	252	0	0	0
1a56c3fb-728e-48a9-8777-af2e5dab2b3f	365	385	20	2.221918	2.166234	-0.055684	0	98	0.2545454545	74.545455	74.545455	287	78	20	0
1ad23c81-d039-4272-b648-77790b85f9a3	1734	1731	-3	36.830450	36.946852	0.116402	0	12	0.0069204152	99.307958	99.309154	1725	3	3	6
1adabb38-0e51-4b8b-9f8e-14b7d5837bf9	2454	2455	1	42.006520	42.006925	0.000405	0	1	0.0004073320	99.959267	99.959267	2454	0	1	0
1add9f4d-dd2c-4996-a254-818428238705	6795	6799	4	39.637086	39.827475	0.190389	0	4	0.0005883218	99.941168	99.941168	6795	0	4	0
1bdef138-b878-4168-aeea-2a2551ecd48e	544	544	0	35.257353	35.356618	0.099265	0	1	0.0018382353	99.816176	99.816176	543	1	0	0
1beaf986-297b-4a97-8154-abca3d9d740e	336	356	20	1.886905	1.879213	-0.007691	0	20	0.0561797753	94.382022	94.382022	336	0	20	0
1c81730d-b39c-4c80-91d1-e5050d3db7b4	1772	1772	0	40.764108	40.580700	-0.183409	1	0	0.0000000000	100.000000	100.000000	1772	0	0	0
1cb4fc91-60ff-4577-b45b-6a44e973bcaf	280	281	1	32.792857	31.925267	-0.867590	0	2	0.0071174377	99.288256	99.288256	279	1	1	0
1d859db0-ecfb-4139-8460-2c2986ce952b	3069	3069	0	34.757902	34.597263	-0.160639	0	11	0.0035842294	99.641577	99.642044	3062	3	4	4
1db7dd63-fd5b-44c6-b0cc-6a211bb371a6	7707	7642	-65	32.175165	32.098011	-0.077154	0	477	0.0618917867	93.810821	93.836413	7262	348	32	97
1e013367-847f-4bd5-a6da-8750dd79935a	294	299	5	2.493197	1.819398	-0.673799	0	42	0.1404682274	85.953177	85.953177	257	37	5	0
1e0ec88a-8c69-4a37-ae0b-4aa9379d6a9e	7954	7959	5	32.890747	32.718432	-0.172315	0	30	0.0037693178	99.623068	99.623399	7936	11	12	7
1e7028f2-4252-4354-8b48-9ac37d5b86a8	5054	5050	-4	38.708350	38.793267	0.084918	0	8	0.0015829046	99.841710	99.841710	5046	4	0	4
1ea7a87a-ddb7-4357-aa1e-1fa5f0bbd3a2	319	315	-4	1.783699	2.098413	0.314714	0	4	0.0125391850	98.746082	98.746082	315	0	0	4
1f2d8914-09d6-4e67-8050-04dd4f7babf5	9785	9671	-114	33.075013	32.138765	-0.936247	0	736	0.0752171691	92.478283	92.482892	9055	610	6	120
1f7014c9-7c36-4a5d-90ef-4759f46b947f	1646	1641	-5	39.162211	39.267520	0.105308	0	7	0.0042527339	99.574727	99.574727	1639	2	0	5
2028209e-8ffb-47cd-a891-375784543cb3	376	375	-1	29.470745	29.357333	-0.113411	0	1	0.0026595745	99.734043	99.734043	375	0	0	1
206f4a57-2c90-4a5e-bbee-9bdb938962bd	25019	25011	-8	38.656461	38.587262	-0.069199	0	96	0.0038370838	99.616292	99.616766	24954	26	31	39
20a4eac0-51c1-409b-b2e7-4dafdcff9f92	4007	4008	1	41.190916	40.963573	-0.227343	0	3	0.0007485030	99.925150	99.925168	4006	0	2	1
20c55a93-b8db-4b56-996d-84ae631bcf1c	4146	4146	0	39.026290	39.000724	-0.025567	0	1	0.0002411963	99.975880	99.975880	4145	1	0	0
20cea2f9-cd85-4261-8487-be8cbf672466	6440	6471	31	31.167857	30.948849	-0.219008	0	114	0.0176170607	98.238294	98.245884	6385	27	59	28
20f61d56-0741-4b07-b7ed-21e77d3beb0e	2442	2425	-17	36.807944	36.650309	-0.157635	0	21	0.0085995086	99.140049	99.140049	2421	4	0	17
21011321-94a2-44f4-a67f-e6c18245f7c3	30932	30938	6	32.483868	32.221475	-0.262393	0	193	0.0062382830	99.376172	99.377540	30813	51	74	68
21754b1a-558c-4150-b9d5-3f0683319771	726	726	0	41.059229	40.652893	-0.406336	1	0	0.0000000000	100.000000	100.000000	726	0	0	0
219eea4e-1818-4360-a88f-705355d003d7	1693	1690	-3	40.810986	40.792308	-0.018679	0	6	0.0035440047	99.645600	99.645600	1687	3	0	3
21e06950-af37-4450-aa96-e86ae690e79f	2666	2703	37	35.424606	35.005179	-0.419427	0	91	0.0336662967	96.633370	96.642066	2619	40	44	7
21f11d75-4abd-4b3f-90bb-7580a718fd1e	1666	1664	-2	39.413565	39.103966	-0.309599	0	4	0.0024009604	99.759904	99.759904	1662	2	0	2
223c79a6-1c42-4a46-aa1b-12472e3afdd0	212	212	0	25.165094	25.169811	0.004717	0	2	0.0094339623	99.056604	99.061033	211	0	1	1
22581268-4c14-4f66-9e4e-f3e21b5db3ea	671	668	-3	40.226528	40.267964	0.041437	0	3	0.0044709389	99.552906	99.552906	668	0	0	3
226576ea-613a-4cee-b427-28d589b8fe15	345	347	2	24.985507	25.167147	0.181640	0	5	0.0144092219	98.559078	98.559078	342	3	2	0
22666e09-163a-4bdc-86ed-951f40f1af1e	12498	12501	3	35.393103	35.338693	-0.054410	0	69	0.0055195584	99.448044	99.448882	12451	28	22	19
22e2dd82-0d01-413f-afe7-c1272b65e949	1191	1190	-1	36.933669	36.469748	-0.463921	0	1	0.0008396306	99.916037	99.916037	1190	0	0	1
23284346-a9e9-4031-ab9d-eaba6d04e477	6523	6523	0	40.027901	39.978078	-0.049824	0	13	0.0019929480	99.800705	99.800827	6514	5	4	4
233b448c-d3ed-48f1-b078-c589ca308bb2	2405	2404	-1	39.697713	39.505824	-0.191889	0	8	0.0033264033	99.667360	99.667774	2400	1	3	4
2393fad6-87eb-48e0-8954-00951442fe55	3706	3706	0	36.591743	36.694280	0.102536	0	30	0.0080949811	99.190502	99.192680	3686	10	10	10
23b7700e-9586-485f-87bd-a89e6c2790c7	4087	4093	6	37.272327	37.246518	-0.025808	0	6	0.0014659174	99.853408	99.853408	4087	0	6	0
23cf5282-961d-43de-92be-7fa2b517263b	2467	2461	-6	39.575598	39.906136	0.330538	0	8	0.0032428050	99.675719	99.675719	2459	2	0	6
23d89551-7e36-4be4-bef0-546e9b069cf4	7263	7266	3	39.503924	39.366089	-0.137835	0	19	0.0026149188	99.738508	99.738652	7251	8	7	4
24091707-717a-494b-8283-0f5de9e13bf4	3390	3389	-1	37.881416	37.759516	-0.121900	0	1	0.0002949853	99.970501	99.970501	3389	0	0	1
2462f85c-8631-479b-b489-b884ab5fe2c2	4156	4158	2	38.492300	38.339586	-0.152714	0	13	0.0031265031	99.687350	99.687575	4148	5	5	3
247261cf-d768-4c4b-aab1-7432593cf99e	1657	1662	5	35.820760	35.771961	-0.048799	0	10	0.0060168472	99.398315	99.399038	1654	1	7	2
2472d10d-f5a6-4945-bf3f-8f30573d2d23	1275	1273	-2	35.193725	35.328358	0.134633	0	8	0.0062745098	99.372549	99.373041	1268	4	1	3
24998522-2ea8-4b70-83f9-aecd33135b44	529	530	1	39.981096	40.167925	0.186828	0	1	0.0018867925	99.811321	99.811321	529	0	1	0
24ad99de-3703-4e9f-8b9a-938ea3982619	2666	2668	2	39.468117	38.985757	-0.482360	0	29	0.0108695652	98.913043	98.916293	2647	11	10	8
24fd3483-1327-4f81-ad34-e211d57e88dc	335	332	-3	19.525373	18.888554	-0.636819	0	6	0.0179104478	98.208955	98.214286	330	1	1	4
250ca00f-6175-49c6-aa39-3cc7d77d38f8	2066	2066	0	39.966602	40.045499	0.078896	0	2	0.0009680542	99.903195	99.903241	2065	0	1	1
2511e021-de29-4ad3-affb-9cbcc49f1414	5345	5347	2	40.257624	40.211895	-0.045729	0	14	0.0026182906	99.738171	99.738367	5337	4	6	4
2581a317-f01b-4bd8-8ec3-0deaffc56533	3389	3392	3	38.518147	38.487323	-0.030824	0	7	0.0020636792	99.793632	99.793632	3385	4	3	0
258df4d1-f905-456b-925b-c5eaff2d9f27	665	662	-3	34.118797	34.575529	0.456732	0	15	0.0225563910	97.744361	97.754491	653	6	3	6
25dd111a-df9f-4c52-8f8a-c50d892fa9e3	8152	8170	18	31.324706	31.131212	-0.193494	0	333	0.0407588739	95.924113	95.930588	7850	289	31	13
25f51032-f46b-4c26-8ac9-ae2a9b2ba290	290	289	-1	23.582759	23.782007	0.199248	0	10	0.0344827586	96.551724	96.587031	283	3	3	4
262be01e-83ad-43ae-b232-cf034222ad38	1769	1769	0	36.531939	35.511023	-1.020916	0	4	0.0022611645	99.773884	99.774139	1767	0	2	2
264d38a5-ffbe-41b6-8a7b-e19b49fc7424	5113	5106	-7	36.756503	36.635331	-0.121172	0	27	0.0052806571	99.471934	99.472553	5092	8	6	13
26951e69-f808-4122-b47a-dfc736d2d7c4	2336	2336	0	34.833904	34.704195	-0.129709	0	10	0.0042808219	99.571918	99.572467	2329	4	3	3
26966a7f-6312-47db-bea5-2fb4d277aa5a	2934	2933	-1	37.710634	37.550290	-0.160344	0	12	0.0040899796	99.591002	99.591559	2926	3	4	5
26ba733d-e186-4bef-9432-a056a157b564	5652	5653	1	38.576964	38.549089	-0.027875	0	26	0.0045993278	99.540067	99.540636	5634	11	8	7
26e3e4eb-d91b-4b81-a9ec-9527df0c9866	3767	3764	-3	41.084152	40.803932	-0.280220	0	6	0.0015927794	99.840722	99.840764	3762	1	1	4
26e822b0-4ca5-42b3-844b-06b5da8c4ec8	2204	2205	1	40.379764	40.071655	-0.308109	0	2	0.0009070295	99.909297	99.909297	2203	1	1	0
26e93f27-dd08-40d8-b0a1-81d5689b7b54	646	646	0	38.038700	38.131579	0.092879	0	3	0.0046439628	99.535604	99.536321	644	1	1	1
26ee7c9e-a465-4b62-9b51-961057e945a5	4249	4249	0	41.281949	41.210402	-0.071546	0	4	0.0009413980	99.905860	99.905882	4246	2	1	1
271d1f97-00fc-40c5-8241-7bfb6ccd7303	1579	1579	0	41.305256	41.454718	0.149462	1	0	0.0000000000	100.000000	100.000000	1579	0	0	0
272f394e-bd76-4a27-be1e-69a0abf30ffe	3291	3299	8	34.405348	34.157017	-0.248331	0	15	0.0045468324	99.545317	99.545730	3287	1	11	3
281eb4dd-7dbc-40e4-bbdc-ec4bc8b2306e	8831	9049	218	29.850527	28.947508	-0.903019	0	694	0.0766935573	92.330644	92.333186	8358	470	221	3
28d3776b-8365-49c2-bda7-1aaa06f1ef7d	488	488	0	28.053279	29.024590	0.971311	1	0	0.0000000000	100.000000	100.000000	488	0	0	0
291c7a9c-c2ac-4646-9ea6-cd1712f3a42f	3343	3343	0	35.692193	35.877356	0.185163	0	1	0.0002991325	99.970087	99.970087	3342	1	0	0
292ef219-01db-4f93-b999-6d6a560aa355	399	404	5	25.974937	25.205446	-0.769492	0	11	0.0272277228	97.277228	97.283951	394	4	6	1
294547cf-ea03-460f-af9b-f60475e42dcc	2089	2087	-2	27.675443	27.715860	0.040417	0	41	0.0196266156	98.037338	98.049477	2061	13	13	15
29937342-90ab-48f5-b0d9-cd13b2fd817a	28222	28224	2	40.467968	40.302579	-0.165389	0	28	0.0009920635	99.900794	99.900825	28205	8	11	9
2a7f0ae8-7227-4c20-a0ab-06bf47b85639	6313	6320	7	39.669254	39.478639	-0.190615	0	13	0.0020569620	99.794304	99.794369	6309	2	9	2
2aae81bd-ce86-4d91-8ef6-7a42197592f8	4497	4493	-4	38.554147	38.566214	0.012067	0	10	0.0022237047	99.777630	99.777728	4489	2	2	6
2aeb8e5a-4c47-4e39-8062-b50a23cf42a4	25185	25194	9	39.618463	39.567992	-0.050471	0	56	0.0022227514	99.777725	99.777875	25155	13	26	17
2afa37fa-819f-4819-b0ea-ffb9173b5fcc	5371	5387	16	29.128840	28.665862	-0.462978	0	45	0.0083534435	99.164656	99.166049	5351	11	25	9
2bb1d1d5-eb4a-4561-b972-e9242e035152	1709	1707	-2	39.067876	38.710018	-0.357858	0	6	0.0035108250	99.648917	99.649123	1704	2	1	3
2bee7fd3-b0e6-44f7-a92b-45a5d2e0d48f	4236	4231	-5	33.619216	33.258095	-0.361121	0	33	0.0077903683	99.220963	99.222615	4212	10	9	14
2c39154a-151e-4f57-87d1-2bac6ef4b490	924	926	2	38.759740	37.950324	-0.809416	0	2	0.0021598272	99.784017	99.784017	924	0	2	0
2cfdf857-70d0-4627-b9b7-c0f0fdeb17a8	3098	3098	0	37.741446	37.356682	-0.384764	0	15	0.0048418334	99.515817	99.516753	3089	3	6	6
2d6fc7d7-f0a0-4f10-b4af-815f360b8780	7582	7596	14	36.374703	36.143760	-0.230943	0	34	0.0044760400	99.552396	99.552749	7568	8	20	6
2dc3d9c4-9d92-4643-bc39-4b4cdea78b48	2087	2087	0	38.785817	38.771442	-0.014375	0	6	0.0028749401	99.712506	99.712781	2083	2	2	2
2dce5053-2a15-403a-9ca3-4972555676b0	5740	5737	-3	38.571777	38.540701	-0.031076	0	27	0.0047038328	99.529617	99.530353	5722	6	9	12
2de2f6a9-453e-41a9-83bf-058e50193bb2	4217	4216	-1	40.110742	39.973435	-0.137308	0	7	0.0016599478	99.834005	99.834084	4212	2	2	3
2e4decd4-fc6c-4965-aea7-befb95aa8db9	3306	3308	2	39.945856	39.920496	-0.025360	0	5	0.0015114873	99.848851	99.848851	3303	3	2	0
2eeb527b-818b-49f1-86c5-3b91416665da	446	442	-4	27.264574	27.058824	-0.205750	0	8	0.0179372197	98.206278	98.210291	439	2	1	5
2f844894-c614-4e37-b79c-dc534a6633a0	5694	5688	-6	37.174745	37.010373	-0.164373	0	15	0.0026343519	99.736565	99.736750	5683	1	4	10
308a0cb1-b184-485e-bb97-8da5554a4000	262	262	0	41.458015	40.645038	-0.812977	1	0	0.0000000000	100.000000	100.000000	262	0	0	0
30b5cad4-8c45-43ff-8038-8de363aa2d85	10637	10648	11	40.147128	39.968633	-0.178495	0	35	0.0032870023	99.671300	99.671547	10621	8	19	8
30f59402-a99f-49e3-a8df-2208b63ff0eb	24768	24730	-38	38.341570	38.235180	-0.106390	0	125	0.0050468346	99.495317	99.495907	24672	29	29	67
31329f24-c1cd-4898-b44e-10d3a02c6c1f	469	469	0	27.906183	28.010661	0.104478	0	5	0.0106609808	98.933902	98.938429	466	1	2	2
314252a7-a2ea-458b-80ce-c91529933724	1771	1769	-2	39.717674	39.687394	-0.030280	0	5	0.0028232637	99.717674	99.717833	1767	1	1	3
3183c285-d5fb-4d03-8ffd-9f55141f081a	12748	12745	-3	40.006197	39.921067	-0.085130	0	21	0.0016473172	99.835268	99.835359	12734	4	7	10
318cddea-ffaa-4a9a-9fe5-67d55661feff	13799	13791	-8	36.624176	36.655210	0.031034	0	40	0.0028987608	99.710124	99.710292	13767	16	8	16
3248090a-b40a-46f0-9544-42fe7fb1b9ca	6495	6489	-6	39.752579	39.575435	-0.177144	0	22	0.0033872209	99.661278	99.661486	6477	8	4	10
3295dcb4-171f-49d6-8690-33b8db44a28f	6212	6203	-9	36.147296	35.975012	-0.172283	0	25	0.0040244688	99.597553	99.597941	6193	4	6	15
32c93948-52dd-464a-9670-ce0f32adc9b8	8934	8942	8	31.244012	31.158354	-0.085658	0	62	0.0069335719	99.306643	99.308113	8899	16	27	19
33087256-f1d2-418b-b69d-feb8f1fe0743	4347	4354	7	30.070623	29.784336	-0.286287	0	25	0.0057418466	99.425815	99.426079	4331	14	9	2
333c3e1b-be80-47d3-a458-656939df068c	1968	1968	0	33.995935	34.295732	0.299797	0	13	0.0066056911	99.339431	99.340771	1959	5	4	4
3341a965-1e78-4dff-a73e-2e2e9e093fc9	264	264	0	42.587121	42.969697	0.382576	1	0	0.0000000000	100.000000	100.000000	264	0	0	0
3390ab35-5d67-4556-b973-13c594ebe294	5230	5239	9	22.715488	22.445696	-0.269792	0	143	0.0272952854	97.270471	97.290640	5135	56	48	39
345117ee-e4e5-403c-88cc-629c03ca7065	831	829	-2	37.701564	37.490953	-0.210611	0	2	0.0024067389	99.759326	99.759326	829	0	0	2
3482100d-5218-4977-acf9-7e574d5856c4	4655	4658	3	39.470892	39.488622	0.017730	0	17	0.0036496350	99.635036	99.635506	4647	2	9	6
34f98559-c31d-4072-8747-16ad7da9fcfd	458	458	0	34.163755	34.903930	0.740175	0	3	0.0065502183	99.344978	99.344978	455	3	0	0
35775ed6-806a-45b1-b8b4-e80be71b7465	3484	3515	31	35.483065	35.125178	-0.357888	0	241	0.0685633001	93.143670	93.165060	3285	188	42	11
35c6e72a-cb45-4b98-8770-63ed57b19fb5	6922	6922	0	34.694886	34.635799	-0.059087	0	59	0.0085235481	99.147645	99.150468	6886	13	23	23
360aa61d-58f3-4e17-b9a9-a5e4e3b29541	25429	25434	5	35.108105	34.990878	-0.117227	0	205	0.0080600771	99.193992	99.196205	25299	60	75	70
3611ff43-d38f-4553-be65-b757cebf028b	372	373	1	27.932796	27.171582	-0.761214	0	5	0.0134048257	98.659517	98.659517	368	4	1	0
362aeeb9-7944-4d31-b83c-cdcdb2837634	3157	3157	0	40.789357	40.895787	0.106430	0	9	0.0028508077	99.714919	99.715280	3152	1	4	4
3650d1a7-64bf-42f3-87cd-1091e87e84b2	1446	1442	-4	38.305671	38.160888	-0.144783	0	4	0.0027662517	99.723375	99.723375	1442	0	0	4
369591e0-7c4f-464c-bd1f-58803ad68b03	4665	4664	-1	28.400857	28.454974	0.054117	0	26	0.0055734191	99.442658	99.443016	4642	19	3	4
36bf0281-1e51-41e0-85d2-2d1872b83583	359	358	-1	29.331476	29.318436	-0.013041	0	10	0.0278551532	97.214485	97.245179	353	1	4	5
38161c42-49cc-45a7-af52-b52f652dcb6b	4677	4681	4	40.040411	40.054903	0.014492	0	16	0.0034180731	99.658193	99.658485	4669	4	8	4
384927dc-905c-40d0-9728-58f0bb3a135e	12209	12217	8	35.298714	35.176230	-0.122484	0	50	0.0040926578	99.590734	99.591169	12180	16	21	13
38900914-9c6a-498d-ad05-af8c17aab243	6806	6801	-5	40.320453	40.056609	-0.263843	0	18	0.0026447252	99.735527	99.735722	6793	3	5	10
3894d0a3-976a-4eb6-9108-533e18794485	5133	5134	1	37.624391	37.596806	-0.027586	0	9	0.0017530191	99.824698	99.824835	5129	0	5	4
390d5467-23a6-4d40-9821-d43c41d9e85f	5374	5378	4	36.893189	36.869840	-0.023349	0	26	0.0048345110	99.516549	99.517177	5359	8	11	7
3a0a0061-6b4f-45ae-805a-0013d0c42a4e	644	643	-1	38.574534	37.709176	-0.865358	0	4	0.0062111801	99.378882	99.379845	641	1	1	2
3a1c855c-c89a-42f7-b2e1-4d92b92ba6e3	6776	6771	-5	41.229339	41.358588	0.129249	0	10	0.0014757969	99.852420	99.852464	6768	1	2	7
3aa9d09d-7492-4311-8c58-96b234cae99a	6876	6871	-5	38.145870	37.904963	-0.240907	0	9	0.0013089005	99.869110	99.869129	6868	2	1	6
3ad37143-4187-4b1b-a2e4-989067b48962	317	346	29	39.044164	36.057803	-2.986361	0	29	0.0838150289	91.618497	91.618497	317	0	29	0
3ae929c7-14de-4cb7-aedf-cee2441294c4	297	297	0	33.363636	33.117845	-0.245791	1	0	0.0000000000	100.000000	100.000000	297	0	0	0
3aeb1bf5-9ce9-4fe1-8158-dd081ecfe816	4800	4803	3	24.029583	23.962732	-0.066852	0	63	0.0131168020	98.688320	98.694030	4761	18	24	21
3af85a7e-656e-4db8-b7ef-8dca774297a4	2906	2906	0	37.629387	38.068135	0.438747	0	15	0.0051617343	99.483827	99.484890	2897	3	6	6
3baaf9dc-7fd1-4057-9b51-0c5e9a28c24d	362	356	-6	25.074586	25.561798	0.487212	0	9	0.0248618785	97.513812	97.520661	354	1	1	7
3bac013a-0273-49c2-9709-941a37a22266	2889	2904	15	29.464174	29.315083	-0.149092	0	106	0.0365013774	96.349862	96.362388	2808	71	25	10
3bda400f-5cb4-433c-8f8f-a7fa308ecabb	3581	3582	1	38.991902	39.057789	0.065887	0	10	0.0027917365	99.720826	99.721060	3575	3	4	3
3c51a875-bb73-4367-9bea-2e1b4f744200	5605	5605	0	39.186262	39.272257	0.085995	1	0	0.0000000000	100.000000	100.000000	5605	0	0	0
3cd524c1-aa91-42f8-a948-e3c11f083b61	279	279	0	29.530466	29.046595	-0.483871	1	0	0.0000000000	100.000000	100.000000	279	0	0	0
3d080830-3a70-44fc-a53e-183483d3f620	4141	4139	-2	26.124366	25.984779	-0.139587	0	58	0.0140062787	98.599372	98.607109	4106	10	23	25
3d10ac1f-d64d-4d11-93ab-1087c4b4bed7	2125	2119	-6	34.955294	35.079283	0.123989	0	19	0.0089411765	99.105882	99.107562	2110	5	4	10
3d11c496-5f5b-486c-9812-c523dd3b2829	1787	1792	5	41.451035	40.862165	-0.588870	0	6	0.0033482143	99.665179	99.665179	1786	1	5	0
3d1d5570-2bbe-4780-977b-fee82c7e49ef	281	282	1	29.060498	28.691489	-0.369009	0	1	0.0035460993	99.645390	99.645390	281	0	1	0
3d23d809-d364-4200-a4f9-0b13beb25578	1810	1810	0	37.921547	37.786740	-0.134807	0	10	0.0055248619	99.447514	99.448428	1803	4	3	3
3def8125-79c5-4954-a84a-b5f0fbf537f6	3091	3088	-3	32.760595	32.640220	-0.120375	0	18	0.0058233581	99.417664	99.418792	3079	3	6	9
3e1773a6-5f15-4715-9ba8-e5be61956fe5	11353	11349	-4	39.304853	39.228655	-0.076199	0	31	0.0027305558	99.726944	99.727185	11332	7	10	14
3e3b5e6c-9915-418a-a131-7c507ab535e1	343	343	0	39.577259	39.664723	0.087464	1	0	0.0000000000	100.000000	100.000000	343	0	0	0
3e48b0f7-7748-49b2-843e-397721bf5f92	4386	4386	0	33.404697	33.442088	0.037392	0	28	0.0063839489	99.361605	99.363057	4368	8	10	10
3e68719e-15a8-4841-9dd2-bbf974f789f6	3043	3046	3	38.178771	38.241957	0.063186	0	15	0.0049244911	99.507551	99.508197	3035	4	7	4
3f09c3bd-fe8e-41a1-a60b-f2f51876f21c	2922	2917	-5	35.130390	34.920466	-0.209924	0	7	0.0023956194	99.760438	99.760520	2916	0	1	6
3f57ae5e-cd04-4f13-8074-68ea1bb70098	213	213	0	32.521127	33.746479	1.225352	0	4	0.0187793427	98.122066	98.130841	210	2	1	1
3f6d82a7-7d53-4495-aebc-b8a999c5f2cb	3878	3876	-2	25.970861	25.443756	-0.527105	0	47	0.0121196493	98.788035	98.793015	3847	13	16	18
3f6f5afe-066f-4419-b5c1-3bb80097e307	4035	4036	1	37.869393	37.756442	-0.112951	0	11	0.0027254708	99.727453	99.727655	4028	4	4	3
3ffe14f9-eb7e-4a42-91d7-d15da8c2cf8a	5526	5523	-3	39.657257	39.576317	-0.080939	0	12	0.0021715527	99.782845	99.782923	5516	5	2	5
4003d62f-b874-45b4-9af3-ad5b9f9ee489	27407	27391	-16	34.513591	34.285057	-0.228534	0	181	0.0066041522	99.339585	99.341051	27287	43	61	77
407ce6e3-8cc4-41fc-b4e8-87fb8491c5d5	2139	2139	0	40.060309	40.073866	0.013558	0	7	0.0032725573	99.672744	99.673050	2134	3	2	2
410ad63b-2ebd-42b2-a5d7-c463de8c831c	5046	5045	-1	34.794887	34.811100	0.016213	0	3	0.0005945303	99.940547	99.940547	5043	2	0	1
41ca5466-a52c-4c98-8a84-8774f157bc12	352	322	-30	4.812500	2.546584	-2.265916	0	30	0.0852272727	91.477273	91.477273	322	0	0	30
42221580-e8ce-4089-8edd-d67ff74e2011	40248	40239	-9	40.539729	40.388951	-0.150778	0	53	0.0013168356	99.868316	99.868362	40209	16	14	23
428b8dde-2b88-4016-8da8-d9eb64251a89	21524	21528	4	36.388822	36.382943	-0.005879	0	25	0.0011612783	99.883872	99.883899	21508	11	9	5
42a23b4d-4cb0-49c5-adde-cc1f583f30b7	259	262	3	22.656371	22.339695	-0.316676	0	13	0.0496183206	95.038168	95.075758	251	6	5	2
42e73158-b8f5-41c8-ade4-d16a0e5017cc	521	521	0	41.648752	41.207294	-0.441459	0	1	0.0019193858	99.808061	99.808061	520	1	0	0
430b30c3-11e8-4735-b257-76ec58dc9315	754	754	0	40.925729	40.787798	-0.137931	0	2	0.0026525199	99.734748	99.735099	753	0	1	1
43141847-b78d-4c0f-a5b7-8adf11511e81	3983	3986	3	34.816219	34.381836	-0.434383	0	38	0.0095333668	99.046663	99.049287	3959	13	14	11
4320a253-c934-4a02-92ae-4a6a41ddf15a	5061	5063	2	40.379767	40.130160	-0.249607	0	8	0.0015800909	99.841991	99.842053	5057	2	4	2
437af057-217f-491e-a419-838c31301178	1430	1429	-1	33.846853	33.554234	-0.292619	0	5	0.0034965035	99.650350	99.650594	1426	2	1	2
4447479f-d786-4255-9b68-dd0d043a478c	9334	9327	-7	37.788087	37.586148	-0.201939	0	73	0.0078208699	99.217913	99.218583	9269	50	8	15
449f7356-c5b8-41b9-8ebb-526135d72ef0	1383	1381	-2	38.926247	38.934106	0.007858	0	4	0.0028922632	99.710774	99.710774	1379	2	0	2
44c271a2-3ce8-4212-b605-a939634c823a	601	604	3	32.043261	31.860927	-0.182334	0	9	0.0149006623	98.509934	98.512397	596	4	4	1
44c68d03-a832-47f6-902f-a0d4bcd30945	595	597	2	36.647059	36.463987	-0.183072	0	5	0.0083752094	99.162479	99.162479	592	3	2	0
44f052a1-536c-49e5-81a5-fc7185544f86	22923	22935	12	33.099682	33.005014	-0.094667	0	167	0.0072814476	99.271855	99.273629	22824	43	68	56
4531d82e-9f43-4608-a158-846c40b73d7b	231	232	1	26.519481	25.362069	-1.157412	0	1	0.0043103448	99.568966	99.568966	231	0	1	0
4567096a-0ed4-43c1-8a43-623e0246fe9e	292	285	-7	29.962329	30.547368	0.585040	0	7	0.0239726027	97.602740	97.602740	285	0	0	7
456d89ad-78f2-4694-8330-ea1f179c44ca	6352	6352	0	40.374213	40.513224	0.139011	0	4	0.0006297229	99.937028	99.937038	6349	2	1	1
45863db3-9374-411c-9e23-ac9c80f1b82a	6008	5970	-38	37.889148	38.060972	0.171824	0	56	0.0093209055	99.067909	99.068220	5954	14	2	40
45b122cb-d6c5-46a8-bbc2-1cc3b57d905c	832	831	-1	31.923077	32.465704	0.542627	0	14	0.0168269231	98.317308	98.329356	824	1	6	7
45e5f289-4df7-4130-aa7b-dd2d2fe65c92	4919	4931	12	37.119943	37.129588	0.009645	0	27	0.0054755628	99.452444	99.452777	4907	9	15	3
460f6f8e-8333-4c80-9828-bbf7353aaf51	3274	3275	1	41.485950	41.366718	-0.119232	0	6	0.0018320611	99.816794	99.816906	3271	1	3	2
461b4346-0d1d-4514-a6f1-ad047efefd70	9738	9734	-4	36.146129	36.204746	0.058618	0	35	0.0035941672	99.640583	99.640952	9713	11	10	14
462e6482-8c25-4ccd-befb-f6ad86e52a95	4641	4647	6	37.986425	37.943404	-0.043021	0	10	0.0021519260	99.784807	99.784807	4637	4	6	0
4637571e-bc00-4fb9-b2e9-289da57f94d8	5544	5570	26	38.295274	38.177738	-0.117536	0	128	0.0229802513	97.701975	97.706093	5452	82	36	10
4655f952-a202-47a1-adf8-743777ae1b28	5285	5288	3	39.892526	39.712179	-0.180347	0	15	0.0028366112	99.716339	99.716660	5279	0	9	6
46b52740-917b-485b-912d-4e2bada7fefc	2946	2944	-2	36.301426	36.478601	0.177175	0	3	0.0010183299	99.898167	99.898167	2943	1	0	2
470d834e-1690-4548-a407-d0ff6eb3e20f	960	929	-31	37.090625	37.691066	0.600441	0	35	0.0364583333	96.354167	96.361746	927	0	2	33
472e2fac-10aa-4307-a718-17b6604bc38c	15912	15909	-3	39.436337	39.347791	-0.088547	0	57	0.0035822021	99.641780	99.642162	15872	20	17	20
4784eb49-5dd9-4d0a-81d8-941c9b16dcbc	3755	3754	-1	37.159521	37.239212	0.079691	0	11	0.0029294274	99.707057	99.707291	3747	4	3	4
47d124e2-c257-42cf-9e5f-386a4d653d96	315	316	1	24.396825	24.325949	-0.070876	0	3	0.0094936709	99.050633	99.053628	314	0	2	1
48be5ef2-7853-4994-84b0-6b463be107fe	4021	4022	1	39.419050	39.137494	-0.281556	0	4	0.0009945301	99.900547	99.900572	4019	1	2	1
48dd349b-5545-4a8d-8a49-ef8c18234fb5	2062	2060	-2	36.951988	37.043204	0.091216	0	12	0.0058195926	99.418041	99.418886	2053	4	3	5
48effa7e-717d-404a-8c56-b5bb4dcc33b0	344	341	-3	26.168605	26.486804	0.318199	0	7	0.0203488372	97.965116	97.971014	338	2	1	4
4a035866-d8fa-46e4-b2b0-c38224505ba4	225	273	48	2.124444	2.985348	0.860904	0	109	0.3992673993	60.073260	60.073260	164	61	48	0
4a4dd317-5212-4d11-8ac7-fd715f95177b	1102	1095	-7	23.805808	24.135160	0.329352	0	13	0.0117967332	98.820327	98.822464	1091	2	2	9
4b6b0497-a325-4811-9fec-3ae1e8a08eb3	341	341	0	29.976540	29.718475	-0.258065	0	6	0.0175953079	98.240469	98.250729	337	2	2	2
4b75359b-386a-4b2f-86e2-57ae71418db3	19793	19791	-2	32.696357	32.682886	-0.013471	0	100	0.0050522912	99.494771	99.495510	19722	40	29	31
4b94ce2a-ad3a-4d99-8db5-a722317bfc7b	270	270	0	26.333333	26.748148	0.414815	1	0	0.0000000000	100.000000	100.000000	270	0	0	0
4bf9f79e-e0f4-4822-ae07-2787fd9cfb72	235	232	-3	23.544681	23.693966	0.149285	0	5	0.0212765957	97.872340	97.872340	230	2	0	3
4c1943f0-6a9f-49b5-9d7f-d68a804892d3	2367	2365	-2	36.617237	36.292178	-0.325059	0	3	0.0012674271	99.873257	99.873257	2364	1	0	2
4c5a507c-3460-4de4-a55a-7f9cbca0c280	307	308	1	26.306189	26.525974	0.219785	0	4	0.0129870130	98.701299	98.701299	304	3	1	0
4c99c2b4-2e01-4343-9e30-257099a1d16f	1357	1355	-2	41.570376	41.244280	-0.326095	0	2	0.0014738394	99.852616	99.852616	1355	0	0	2
4ca6a937-a9d8-4d6c-b8f6-145f81bfc7e1	6168	6157	-11	37.388294	37.459477	0.071183	0	38	0.0061608301	99.383917	99.384416	6135	17	5	16
4ca8cb7d-b13e-42e1-ba5d-74f1fe07fd9f	541	505	-36	37.715342	39.112871	1.397529	0	38	0.0702402957	92.975970	92.988930	504	0	1	37
4cd5c0d4-918d-42bd-b024-606a2a009871	6024	6018	-6	33.993360	33.770189	-0.223170	0	38	0.0063081009	99.369190	99.370235	5996	12	10	16
4d0fa86b-af36-42b0-97b2-6e322c74feab	290	324	34	33.286207	29.290123	-3.996083	0	36	0.1111111111	88.888889	88.923077	289	0	35	1
4d149553-b85c-46d9-be0b-82b0cb51f22a	390	342	-48	2.741026	1.795322	-0.945704	0	49	0.1256410256	87.435897	87.435897	341	1	0	48
4d2517a5-003b-4dfb-90fb-915e174bd370	2968	2977	9	24.992251	24.988243	-0.004007	0	46	0.0154517971	98.454820	98.461024	2943	13	21	12
4e5e0851-f8c0-4c23-8a8f-bb0889a3fa9f	2388	2383	-5	39.866415	40.065044	0.198629	0	8	0.0033500838	99.664992	99.664992	2380	3	0	5
4e889ba9-1025-4858-98cc-3080972eeaf0	4914	4914	0	34.323362	34.149980	-0.173382	0	35	0.0071225071	99.287749	99.289629	4892	9	13	13
4f15d98a-afbb-4082-80ff-87217b2bd3e7	1392	1392	0	39.937500	39.792385	-0.145115	1	0	0.0000000000	100.000000	100.000000	1392	0	0	0
4f8f5d10-f8b0-4010-8c62-df1777b121a9	3539	3573	34	40.995196	40.629163	-0.366033	0	35	0.0097956899	99.020431	99.020431	3538	1	34	0
4f9edb61-b153-4884-9bc8-5a75c2cacce2	786	788	2	35.972010	36.200508	0.228497	0	10	0.0126903553	98.730964	98.734177	780	4	4	2
501c29fe-d55f-4bdd-9f3c-b1c30e5d9859	285	292	7	32.543860	31.825342	-0.718517	0	7	0.0239726027	97.602740	97.602740	285	0	7	0
50865607-987c-4881-98ec-c7f0f74ccd54	486	486	0	37.685185	37.855967	0.170782	1	0	0.0000000000	100.000000	100.000000	486	0	0	0
512f75c1-c2f4-41cb-b675-b61d66604bac	1024	1025	1	36.199219	36.008780	-0.190438	0	3	0.0029268293	99.707317	99.707317	1022	2	1	0
515b1df7-0058-4d09-95ed-d2b9f29ff09b	7317	7318	1	32.633183	32.512845	-0.120338	0	42	0.0057392730	99.426073	99.427247	7291	11	16	15
5168c109-36c8-4409-9f9b-66a0268e7cdc	677	681	4	32.580502	32.537445	-0.043057	0	7	0.0102790015	98.972100	98.973607	675	1	5	1
51813de6-a011-415b-95fd-79ef14bcc41d	7117	7147	30	40.787129	40.457814	-0.329315	0	68	0.0095144816	99.048552	99.049084	7083	30	34	4
51af7068-9560-490a-8a80-20d35f709ce4	1397	1399	2	33.453114	33.571837	0.118723	0	15	0.0107219442	98.927806	98.929336	1386	9	4	2
51d6b719-3be6-4ff3-8b7b-0d13e8e79e7f	3558	3554	-4	29.666386	29.395611	-0.270775	0	37	0.0103991006	98.960090	98.963876	3534	7	13	17
51f65d21-5b79-479b-b97a-1116af84c7fb	2386	2386	0	39.990360	39.673512	-0.316848	0	10	0.0041911148	99.580889	99.581415	2379	4	3	3
522d8df6-456d-4d51-b511-f61db940f784	342	328	-14	1.991228	1.512195	-0.479033	0	225	0.6578947368	34.210526	34.210526	117	211	0	14
526cc707-ddf4-4a23-a99f-1af600cfb195	283	285	2	21.950530	22.242105	0.291575	0	9	0.0315789474	96.842105	96.853147	277	5	3	1
52934db9-b557-457a-96c2-d6882b0f7b1d	2364	2364	0	37.612098	37.126481	-0.485618	0	7	0.0029610829	99.703892	99.704142	2359	3	2	2
52c66d15-5ed3-490e-92df-aae5c02adf2e	273	272	-1	1.575092	1.569853	-0.005239	0	1	0.0036630037	99.633700	99.633700	272	0	0	1
52ef54e3-d078-468c-a0e1-845535cefeb9	1333	1334	1	31.998500	31.266867	-0.731633	0	14	0.0104947526	98.950525	98.955224	1326	1	7	6
531fd7b6-cd90-405a-9ddd-bacfe5aa5a97	4143	4142	-1	37.943761	37.768952	-0.174808	0	16	0.0038619358	99.613806	99.614365	4133	3	6	7
5327c29c-df15-44bc-9390-da221e7a6295	4763	4766	3	36.249003	36.052245	-0.196758	0	27	0.0056651280	99.433487	99.434318	4746	10	10	7
533b9e5a-2150-4e55-9d9b-0d578ad8e8ff	988	992	4	34.991903	35.184476	0.192573	0	9	0.0090725806	99.092742	99.094567	985	1	6	2
534ceb2d-aac5-412b-97a3-a21aef19fe95	326	326	0	38.211656	38.463190	0.251534	1	0	0.0000000000	100.000000	100.000000	326	0	0	0
5398ca28-a3d4-4ddf-9642-699d9a542760	3602	3607	5	35.738479	35.599945	-0.138534	0	17	0.0047130579	99.528694	99.529216	3594	4	9	4
53e16921-3e9a-4ff0-a3e6-e6aa26082c74	8507	8502	-5	33.607500	33.482357	-0.125143	0	72	0.0084636182	99.153638	99.155623	8455	27	20	25
5429458d-ae9c-4296-8047-8556369c77af	2721	2721	0	40.365674	40.343256	-0.022418	1	0	0.0000000000	100.000000	100.000000	2721	0	0	0
54611ba2-15e8-4985-8f04-6f52f3dfcb80	195	195	0	25.912821	26.815385	0.902564	0	1	0.0051282051	99.487179	99.487179	194	1	0	0
549ba49b-0822-4ebb-b277-453fbcfba793	2985	2985	0	41.283417	41.207705	-0.075712	0	6	0.0020100503	99.798995	99.799062	2980	4	1	1
54c22b0e-7bc3-434e-86cc-4c2316ced24a	37217	37221	4	33.090228	33.034470	-0.055758	0	249	0.0066897719	99.331023	99.332440	37051	87	83	79
54e3cd94-c78c-4ff6-9e18-a6d22576d204	331	332	1	32.589124	32.774096	0.184973	0	3	0.0090361446	99.096386	99.096386	329	2	1	0
54f8b7d0-c0f6-4b83-b508-76baee092597	4468	4472	4	40.978066	40.654517	-0.323549	0	14	0.0031305903	99.686941	99.687291	4463	0	9	5
5530ea69-c431-41bc-9b7e-f23c5ec062ee	4479	4480	1	32.077473	32.058705	-0.018767	0	23	0.0051339286	99.486607	99.487408	4464	8	8	7
55773125-3cd3-4da0-8393-127c7f668052	304	304	0	29.611842	28.016447	-1.595395	0	1	0.0032894737	99.671053	99.671053	303	1	0	0
5581e725-e4b7-4718-bb32-95317928c8f3	2687	2689	2	25.602531	25.436222	-0.166309	0	56	0.0208255857	97.917441	97.931289	2651	18	20	18
56b48b31-79c8-47f7-b261-a570aae2ff1a	206	206	0	33.106796	31.844660	-1.262136	1	0	0.0000000000	100.000000	100.000000	206	0	0	0
56ccf71e-29ba-4a6a-99f0-488386d567ed	1929	1932	3	36.712805	36.535714	-0.177090	0	11	0.0056935818	99.430642	99.430642	1921	8	3	0
571965f8-8b82-4918-a076-5dea20bfa595	2173	2175	2	25.766682	25.987586	0.220904	0	42	0.0193103448	98.068966	98.080439	2146	14	15	13
57664927-2205-4ddc-9606-fee700e6f793	8070	8074	4	37.973234	37.878747	-0.094488	0	20	0.0024770869	99.752291	99.752414	8058	8	8	4
577a9a6a-ae85-4fbb-adb8-8ed88fc610fd	354	352	-2	2.477401	2.343750	-0.133651	0	2	0.0056497175	99.435028	99.435028	352	0	0	2
57be1a6d-0aba-4d9b-baf3-98ce93d85230	320	284	-36	28.959375	31.767606	2.808231	0	38	0.1187500000	88.125000	88.125000	282	2	0	36
57e644f7-802f-471e-b2e3-af37681c3442	406	370	-36	3.000000	1.986486	-1.013514	0	45	0.1108374384	88.916256	88.916256	361	9	0	36
5896c2be-d3bb-462c-8860-d147ea7a93e6	1012	1012	0	38.584980	38.642292	0.057312	1	0	0.0000000000	100.000000	100.000000	1012	0	0	0
596557ce-cc56-4415-bc22-8b27f1586c66	395	397	2	25.939241	25.692695	-0.246545	0	8	0.0201511335	97.984887	97.994987	391	2	4	2
597791ba-45c4-4ccb-b381-fe878b31f778	18801	18781	-20	32.099888	31.834673	-0.265215	0	144	0.0076591671	99.234083	99.235993	18704	30	47	67
599d4964-d474-4d48-931b-d122bddaf2d1	1259	1258	-1	30.268467	30.136725	-0.131742	0	16	0.0127084988	98.729150	98.732171	1246	9	3	4
59eff6c6-ef4f-4fe4-b42e-dd149b17d779	3114	3103	-11	38.428709	38.155656	-0.273053	0	53	0.0170199101	98.298009	98.298009	3061	42	0	11
5a541037-dcd0-45c5-aa8b-2de126bd517f	6171	6170	-1	40.536218	40.491410	-0.044808	0	11	0.0017825312	99.821747	99.821862	6164	2	4	5
5a73041f-d377-43d6-90fa-050db741e142	2380	2384	4	38.249160	38.402685	0.153525	0	4	0.0016778523	99.832215	99.832215	2380	0	4	0
5b5bb472-e986-4975-bebf-d14df92f26e5	1928	1923	-5	36.548755	36.274051	-0.274704	0	18	0.0093360996	99.066390	99.067840	1913	7	3	8
5b602f77-f0c5-46bb-b3c9-28427cbb7763	951	951	0	35.812829	36.101998	0.289169	0	1	0.0010515247	99.894848	99.894848	950	1	0	0
5b7beb1b-3aac-47e8-b432-6d0449bc073c	723	723	0	40.600277	40.464730	-0.135546	0	2	0.0027662517	99.723375	99.723757	722	0	1	1
5ba17aa8-a282-4752-9130-94ffc5ac0604	929	927	-2	33.207750	31.727077	-1.480674	0	6	0.0064585576	99.354144	99.354839	924	2	1	3
5be16e4a-4853-411b-823c-cb28a7d3d18b	13537	13527	-10	37.603900	37.526503	-0.077398	0	42	0.0031026077	99.689739	99.689968	13505	12	10	20
5c30babf-b531-4103-bed7-4224e66ae91c	4105	4108	3	36.068453	35.561831	-0.506623	0	18	0.0043816943	99.561831	99.562257	4094	7	7	4
5c82b48c-34dd-491a-a4fe-d9f4dfd96872	1240	1237	-3	37.141935	37.358124	0.216189	0	9	0.0072580645	99.274194	99.274194	1231	6	0	3
5c86893e-ed08-4cf1-aa97-582f98ec75d0	4568	4574	6	36.124781	35.758199	-0.366583	0	138	0.0301705291	96.982947	96.995428	4455	94	25	19
5c8cceaa-bc54-4b49-afce-b3f9aca4d6b5	413	413	0	26.576271	26.789346	0.213075	0	5	0.0121065375	98.789346	98.795181	410	1	2	2
5cb3c928-a36b-48e4-8050-391ca2cf4908	4575	4575	0	40.446339	40.327213	-0.119126	0	7	0.0015300546	99.846995	99.847095	4571	1	3	3
5cc572a8-0e04-4281-9b4b-38336e36b7b2	2648	2649	1	41.322508	41.280861	-0.041647	0	1	0.0003775009	99.962250	99.962250	2648	0	1	0
5d45c3b5-2738-46a5-a41c-41975866c705	563	564	1	30.834813	31.060284	0.225470	0	2	0.0035460993	99.645390	99.645390	562	1	1	0
5d57107f-edb6-4d1a-8b7e-43f45230bfa0	7354	7360	6	37.456894	37.782880	0.325986	0	18	0.0024456522	99.755435	99.755468	7343	10	7	1
5d7bd5d9-0947-4a88-bdf9-af1e662986f4	2197	2199	2	34.379153	34.398818	0.019664	0	3	0.0013642565	99.863574	99.863574	2196	1	2	0
5de9131e-76aa-46c4-920b-b01181f46a1e	287	285	-2	41.533101	42.592982	1.059881	0	5	0.0174216028	98.257840	98.257840	282	3	0	2
5dfc208f-78b4-410f-bd55-31a762305cb3	3343	3382	39	21.214179	21.004435	-0.209744	0	100	0.0295683028	97.043170	97.062280	3304	17	61	22
5e175f27-dd0d-4634-b84c-1d0bd43046e5	361	360	-1	28.030471	28.277778	0.247307	0	6	0.0166204986	98.337950	98.342541	356	3	1	2
5e62bfab-a75b-4bde-9c04-401adda1290b	329	328	-1	30.085106	30.719512	0.634406	0	1	0.0030395137	99.696049	99.696049	328	0	0	1
5ee0441d-dd9c-47ca-acd2-f471f3939bef	2852	2852	0	38.923212	38.571178	-0.352034	0	5	0.0017531557	99.824684	99.824807	2849	1	2	2
5f2c2271-61d2-424f-a953-03bd203200f4	1534	1538	4	34.785528	34.619636	-0.165892	0	7	0.0045513654	99.544863	99.545159	1532	1	5	1
5fb43d32-7541-4d0e-a578-7dabba38f1c2	2379	2380	1	35.436738	35.624370	0.187632	0	17	0.0071428571	99.285714	99.287510	2369	4	7	6
5fbc483d-963c-487e-837c-9f5bc70591d9	9901	8262	-1639	31.508029	36.359719	4.851690	0	1722	0.1739218261	82.607817	82.669082	8214	13	35	1674
601acb61-0337-4eb5-b698-876bae457b63	8221	8233	12	37.550420	37.242196	-0.308224	0	40	0.0048584963	99.514150	99.514563	8200	14	19	7
60495a7f-7426-4441-805b-3a7baf083c77	2231	2232	1	40.580457	40.477599	-0.102859	0	7	0.0031362007	99.686380	99.686801	2228	0	4	3
605a9e89-a3d0-40dd-b755-013b1515c814	18637	18661	24	25.021570	24.862387	-0.159183	0	279	0.0149509673	98.504903	98.512079	18472	75	114	90
60899a0c-c975-4362-8def-2743e5c4b804	1122	1122	0	38.057932	37.892157	-0.165775	0	9	0.0080213904	99.197861	99.200710	1117	1	4	4
60af652e-67f7-4b83-b624-2ef3da1cca04	535	534	-1	35.216822	34.666667	-0.550156	0	6	0.0112149533	98.878505	98.880597	530	3	1	2
60b77ca0-6793-4d71-9ef7-55e5358b8411	6192	6187	-5	30.674257	30.626313	-0.047944	0	65	0.0104974160	98.950258	98.953133	6144	26	17	22
60edc6be-674b-4f4c-9689-108999e17804	511	510	-1	24.667319	24.811765	0.144446	0	10	0.0195694716	98.043053	98.058252	505	1	4	5
61282ceb-8a98-4b40-aa96-1a7271f4bf90	259	259	0	36.131274	36.702703	0.571429	0	3	0.0115830116	98.841699	98.846154	257	1	1	1
612fe5c7-a443-467e-899a-8e7174318c6b	262	292	30	39.324427	33.376712	-5.947715	0	30	0.1027397260	89.726027	89.726027	262	0	30	0
61a2d4a3-fd93-4c36-8a6d-ffd6696c1f38	1894	1894	0	26.018479	26.227033	0.208553	0	40	0.0211193242	97.888068	97.904662	1869	10	15	15
61ab0892-159b-40df-8285-24a57d53f543	4852	4855	3	41.441467	41.209887	-0.231581	0	7	0.0014418126	99.855819	99.855878	4850	0	5	2
6206051f-b114-4b99-b070-bafff17bbb6a	4939	4935	-4	41.310184	41.027964	-0.282221	0	13	0.0026321118	99.736789	99.736949	4929	3	3	7
6275a857-5f96-4d28-9d9a-81182135280b	1419	1421	2	33.276956	33.235046	-0.041910	0	7	0.0049261084	99.507389	99.507736	1415	3	3	1
63103e77-e4bc-465f-9c9a-220a0038de08	10303	10305	2	36.088518	36.152935	0.064418	0	48	0.0046579330	99.534207	99.534884	10272	16	17	15
631da18e-04bd-4104-aaa0-b395b4f7a5ec	24668	24643	-25	25.072645	25.037414	-0.035230	0	493	0.0199854062	98.001459	98.013459	24324	170	149	174
6339db28-d171-4080-8472-e92689476343	4379	4371	-8	33.882850	33.697323	-0.185527	0	44	0.0100479562	98.995204	98.997722	4346	14	11	19
6340f064-3a0f-4daf-8b94-bb5f5193b5db	680	679	-1	35.752941	35.908689	0.155748	0	1	0.0014705882	99.852941	99.852941	679	0	0	1
639ba25a-ea9f-47c0-981a-4d686e5ffd64	2246	2248	2	33.848175	33.838523	-0.009651	0	14	0.0062277580	99.377224	99.378054	2237	6	5	3
63b26469-d16f-47a6-b6a0-1659fc295e04	1766	1764	-2	39.832390	40.006236	0.173846	0	13	0.0073612684	99.263873	99.265537	1757	3	4	6
63d1a8bc-a44c-4eee-a1ac-0d5476728de5	2605	2603	-2	36.911324	37.467537	0.556213	0	6	0.0023032630	99.769674	99.769762	2600	2	1	3
63e8b0f3-3f9b-4d36-9f5c-5ad2ce561ca0	360	396	36	2.205556	2.252525	0.046970	0	36	0.0909090909	90.909091	90.909091	360	0	36	0
63f3be54-b789-471c-a3a6-b826605fe87b	1262	1264	2	38.992868	38.837025	-0.155843	0	8	0.0063291139	99.367089	99.367589	1257	4	3	1
640e89c0-56d8-488d-af3d-23cb43446d56	883	883	0	29.684032	29.422424	-0.261608	0	3	0.0033975085	99.660249	99.660633	881	1	1	1
644d887d-bdb1-4b9a-b900-7aa4482da512	302	297	-5	31.149007	31.575758	0.426751	0	9	0.0298013245	97.019868	97.029703	294	2	1	6
6466bbda-58f9-4f15-b963-1354b01bc577	1680	1680	0	34.866667	34.772024	-0.094643	0	1	0.0005952381	99.940476	99.940476	1679	1	0	0
64b42949-5c5a-4621-b6de-257119de474d	28786	28784	-2	39.874314	39.711472	-0.162842	0	64	0.0022233030	99.777670	99.777870	28748	10	26	28
65681217-fe17-44e8-bdbb-6ef323b36880	3423	3424	1	33.742331	33.953855	0.211524	0	35	0.0102219626	98.977804	98.981077	3400	12	12	11
657b1eb0-ad54-4706-b5b3-db74bd58ca34	16124	16125	1	37.936926	37.774822	-0.162105	0	66	0.0040930233	99.590698	99.591281	16082	19	24	23
65de5e36-5ae7-4866-a592-6de1da5f2e74	5723	5718	-5	40.957016	40.817069	-0.139947	0	5	0.0008736677	99.912633	99.912633	5718	0	0	5
662a8428-522d-4c6c-9a70-95ee50d9152b	359	360	1	27.395543	26.916667	-0.478877	0	4	0.0111111111	98.888889	98.891967	357	1	2	1
662ceff3-0d02-4d39-9ee8-a595da99bb1e	452	452	0	40.719027	40.756637	0.037611	1	0	0.0000000000	100.000000	100.000000	452	0	0	0
662e17aa-bba3-4c7a-acfb-39a1d9427563	2882	2879	-3	38.306037	38.234109	-0.071928	0	13	0.0045107564	99.548924	99.549550	2873	2	4	7
66571889-ffb0-400d-be75-90ba1599ee15	4593	4605	12	37.150229	36.969381	-0.180848	0	30	0.0065146580	99.348534	99.349382	4581	6	18	6
6669c4a7-c6f8-4177-a0a7-7591701e73ee	16155	16154	-1	37.484246	37.516838	0.032592	0	57	0.0035283194	99.647168	99.647604	16118	16	20	21
6675022e-ea87-4ef7-991c-241707800147	3275	3274	-1	40.177405	40.062309	-0.115095	0	4	0.0012213740	99.877863	99.877900	3272	1	1	2
668b0c29-bae5-45f3-9b2b-d3955b3cc549	489	484	-5	33.905930	33.760331	-0.145600	0	9	0.0184049080	98.159509	98.159509	480	4	0	5
66a29d0b-093d-4f30-be15-ff114b69016d	275	271	-4	24.272727	25.361624	1.088896	0	9	0.0327272727	96.727273	96.750903	268	1	2	6
66abda9b-b5ef-4e41-bdf4-305e272aeb79	4772	4769	-3	39.297150	39.376179	0.079029	0	13	0.0027242246	99.727578	99.727749	4762	4	3	6
66d640f7-73c2-43b4-9d12-203b263f235a	7689	7857	168	35.068279	35.873361	0.805082	0	507	0.0645284460	93.547155	93.549618	7353	333	171	3
66e8cf32-2a3b-4ff9-8e4d-a8cad8245837	1402	1401	-1	36.990014	36.685225	-0.304789	0	1	0.0007132668	99.928673	99.928673	1401	0	0	1
66fb56f9-55fd-433d-9bb6-5c90491adfcc	5928	5929	1	41.101552	40.901838	-0.199714	0	10	0.0016866251	99.831337	99.831423	5922	3	4	3
677609ed-c05e-4381-8c74-13e17a5a2d79	1494	1494	0	34.584337	34.778447	0.194110	0	2	0.0013386881	99.866131	99.866221	1493	0	1	1
67ad3203-d13d-48d5-8245-c366555b44be	323	336	13	1.572755	1.514881	-0.057874	0	13	0.0386904762	96.130952	96.130952	323	0	13	0
67bcc613-b981-4f75-b546-2f9c10ec21cb	20347	20350	3	30.187694	30.088993	-0.098701	0	330	0.0162162162	98.378378	98.386939	20128	111	111	108
67cb38c9-b68b-4d5b-be15-9fc9f4201fa5	1831	1839	8	29.121791	28.857531	-0.264260	0	20	0.0108754758	98.912452	98.914224	1822	6	11	3
6823e92d-ab65-4ef3-a9de-1452635a034f	2247	2246	-1	39.675122	39.354853	-0.320269	0	6	0.0026702270	99.732977	99.733215	2243	1	2	3
6871158f-5836-4f3c-98c3-2c3504488212	2397	2398	1	40.716729	40.305254	-0.411475	0	1	0.0004170142	99.958299	99.958299	2397	0	1	0
68993852-7562-41e3-b5c5-313d662a0972	11698	11703	5	38.084031	38.009399	-0.074632	0	42	0.0035888234	99.641118	99.641455	11672	15	16	11
697d36ce-a28b-45d6-9f60-e11cb58a7054	2270	2272	2	33.188987	33.040493	-0.148494	0	24	0.0105633803	98.943662	98.947368	2256	6	10	8
6a1b61a8-b822-4b79-8f45-4f8d49c836cb	1214	1214	0	40.721582	40.446458	-0.275124	0	1	0.0008237232	99.917628	99.917628	1213	1	0	0
6a5a4c01-b3a4-4f6a-8693-1aa123a141d6	2169	2164	-5	30.509912	30.390481	-0.119432	0	26	0.0119870908	98.801291	98.804598	2149	9	6	11
6a769cda-bda0-42c0-b1d7-d0c0aaee0571	5012	5016	4	39.764765	39.468700	-0.296064	0	17	0.0033891547	99.661085	99.661287	5002	7	7	3
6a8ba262-5aaf-4654-b7a0-5fe17c3ab0df	12304	12326	22	35.017880	34.688869	-0.329011	0	98	0.0079506734	99.204933	99.206735	12256	20	50	28
6ae240da-e9da-468d-a584-c65850665628	674	708	34	33.934718	32.795198	-1.139520	0	42	0.0593220339	94.067797	94.084507	668	4	36	2
6aeac6fd-2030-4d90-9d6b-0f3a61adfbcc	938	939	1	37.781450	37.494143	-0.287307	0	6	0.0063897764	99.361022	99.361702	934	3	2	1
6b8d7c4a-626d-4bfb-bd57-aad3169094ad	6029	6061	32	26.266877	26.168619	-0.098258	0	91	0.0150140241	98.498598	98.503289	5989	21	51	19
6bbbce53-b843-42d6-95d3-e17d4e73e69e	399	398	-1	24.786967	24.505025	-0.281942	0	2	0.0050125313	99.498747	99.498747	397	1	0	1
6c08daf9-f24e-4029-a0ef-b347fdfe9ac6	6610	6616	6	35.947504	35.876511	-0.070992	0	25	0.0037787183	99.622128	99.622414	6596	9	11	5
6cd08841-f777-42aa-8413-a01b4adc69a9	1023	1025	2	39.460411	39.072195	-0.388215	0	10	0.0097560976	99.024390	99.025341	1016	6	3	1
6d03cb2e-28d3-4ed1-908b-0b6a77af3d99	3327	3328	1	38.856628	38.595853	-0.260774	0	5	0.0015024038	99.849760	99.849805	3324	2	2	1
6d123242-8e8d-4b17-b318-eb70b087fefe	3439	3437	-2	31.177668	30.859761	-0.317907	0	24	0.0069787729	99.302123	99.303944	3424	4	9	11
6d559186-5134-44d0-b5bb-5ec98300bab4	12850	12849	-1	35.384280	35.084209	-0.300071	0	98	0.0076264591	99.237354	99.239485	12788	25	36	37
6d5d6b74-953f-44b1-93c0-8fef3283f613	4680	4689	9	36.091239	35.977181	-0.114059	0	26	0.0055448923	99.445511	99.446219	4669	5	15	6
6db156ce-7ad9-4920-b478-98db985778a1	3745	3744	-1	36.605607	36.543536	-0.062071	0	9	0.0024032043	99.759680	99.759808	3738	4	2	3
6dc49256-3758-4326-a939-e4f7a5a166ff	623	623	0	41.059390	40.955056	-0.104334	0	1	0.0016051364	99.839486	99.839486	622	1	0	0
6e538d29-dd07-438f-a625-590e04e75537	4184	4183	-1	39.845602	39.800383	-0.045220	0	11	0.0026290631	99.737094	99.737282	4176	4	3	4
6e5d9312-a31a-42b6-816c-4b04aa33dd47	5664	5654	-10	37.684322	37.700920	0.016598	0	34	0.0060028249	99.399718	99.400564	5638	8	8	18
6e5e7ca6-5a39-4c16-9831-1b982f1d76df	354	373	19	3.262712	3.230563	-0.032149	0	47	0.1260053619	87.399464	87.399464	326	28	19	0
6e7e1832-8d22-4421-98b0-29f0f362d862	1164	1166	2	35.328179	35.221269	-0.106909	0	2	0.0017152659	99.828473	99.828473	1164	0	2	0
6efb35b3-1b6f-4ec8-8135-05a0946e21d8	5668	5657	-11	36.657198	36.664663	0.007465	0	35	0.0061750176	99.382498	99.383369	5641	8	8	19
6f177e08-061c-491a-bfd8-ac9b800d3a23	6930	6932	2	29.549206	29.526832	-0.022374	0	123	0.0177437969	98.225620	98.234788	6845	49	38	36
6f37d6e2-cd1e-4ed1-a977-9b54e046634f	3472	3477	5	30.994240	30.633592	-0.360647	0	27	0.0077653149	99.223469	99.224584	3455	12	10	5
6f8d8879-132d-4b86-88ab-dde107e05077	4345	4340	-5	36.822094	36.818664	-0.003431	0	21	0.0048331415	99.516686	99.517130	4328	8	4	9
6f9d79b9-a8e5-482e-8e2f-0bd0dc99af78	5140	5136	-4	32.254280	32.134540	-0.119740	0	37	0.0071984436	99.280156	99.281832	5115	9	12	16
701214e8-285a-412c-b241-b71c91dd3e80	3527	3528	1	32.869294	32.287415	-0.581879	0	35	0.0099206349	99.007937	99.011020	3504	12	12	11
701866ed-6f87-4846-bb21-4118168c649f	5227	5228	1	41.514444	41.500765	-0.013679	0	10	0.0019127774	99.808722	99.808832	5221	3	4	3
70a3d1dc-1ec1-4c59-ac45-ad921205c901	1038	1040	2	39.255299	39.334615	0.079317	0	5	0.0048076923	99.519231	99.519231	1035	3	2	0
70a5985e-cdd1-44b7-ac25-628aabce92b2	6564	6567	3	34.123705	34.098066	-0.025639	0	28	0.0042637430	99.573626	99.574144	6547	9	11	8
70fdff3e-087f-4227-ae67-0e3045bfc3a9	5748	5777	29	29.030271	28.862732	-0.167540	0	111	0.0192141250	98.078588	98.087196	5692	30	55	26
712060af-c01e-4dce-9b37-f5c459a1bf4f	923	923	0	36.790899	36.863489	0.072589	0	3	0.0032502709	99.674973	99.675325	921	1	1	1
72bd2fe6-13da-4b46-abee-75b2d78c2a27	290	250	-40	24.051724	27.296000	3.244276	0	40	0.1379310345	86.206897	86.206897	250	0	0	40
72d78180-abb5-4bb7-8f02-10c495edaa4a	3399	3392	-7	30.936158	30.883550	-0.052608	0	36	0.0105913504	98.940865	98.943042	3370	15	7	14
73088aa1-d6ca-441a-be7f-e5a9df3299bb	1420	1419	-1	40.418310	40.341790	-0.076520	0	11	0.0077464789	99.225352	99.226442	1411	6	2	3
7335dacd-abcc-4338-822f-3a64f52599bf	382	423	41	34.895288	31.373522	-3.521765	0	44	0.1040189125	89.598109	89.622642	380	1	42	1
73372c15-590d-4035-994f-8931945646bc	4272	4299	27	37.332631	37.061642	-0.270989	0	59	0.0137241219	98.627588	98.632043	4254	4	41	14
73382b2d-cb57-4b3b-b3fb-fd825a5c4bc2	48714	48731	17	24.746172	24.562660	-0.183511	0	1099	0.0225523794	97.744762	97.760707	47979	388	364	347
73fb7cc5-4ccf-4966-b720-6f879e65ae0b	5040	5016	-24	38.635317	38.963716	0.328399	0	41	0.0081349206	99.186508	99.187636	5006	3	7	31
74564350-8c15-4979-a46c-8993cc4c1c13	714	714	0	41.792717	41.355742	-0.436975	1	0	0.0000000000	100.000000	100.000000	714	0	0	0
745ee336-131a-460f-a80f-4743be6ab697	1948	1955	7	33.819815	34.133504	0.313689	0	20	0.0102301790	98.976982	98.978550	1938	7	10	3
747409ca-9d76-486f-8174-d68e93a1928b	13898	13894	-4	39.547849	39.413416	-0.134433	0	44	0.0031659232	99.683408	99.683794	13871	6	17	21
74ccf3b0-593f-48b1-b092-0ea86c9ea975	309	305	-4	31.284790	31.065574	-0.219216	0	7	0.0226537217	97.734628	97.741935	303	1	1	5
74d00ca2-e084-47bd-8c89-73f1e5e271d8	2701	2706	5	33.235468	33.016999	-0.218469	0	13	0.0048041390	99.519586	99.519941	2695	4	7	2
74d063ed-a0ab-40f3-ad8c-40663c887d22	409	406	-3	28.599022	28.206897	-0.392125	0	7	0.0171149144	98.288509	98.296837	404	0	2	5
74d3531e-8fae-46a7-bda5-ed85aeb38bbb	3875	3876	1	37.416258	37.498194	0.081936	0	1	0.0002579979	99.974200	99.974200	3875	0	1	0
74d8d1b0-d7ab-4a70-b298-659f7415f432	288	288	0	23.833333	25.017361	1.184028	0	1	0.0034722222	99.652778	99.652778	287	1	0	0
757374fc-f313-4a56-82fa-2f28e180bc14	25015	25011	-4	38.451689	38.276039	-0.175650	0	89	0.0035578653	99.644213	99.644696	24960	17	34	38
757a499b-befd-451b-bf70-fc288bc4f91b	21472	21480	8	38.281809	38.181518	-0.100291	0	86	0.0040037244	99.599628	99.600130	21421	24	35	27
758913bd-ff9d-42ab-af37-0179eacf6ab3	574	576	2	39.982578	39.850694	-0.131884	0	4	0.0069444444	99.305556	99.305556	572	2	2	0
75998155-c3b0-4e1b-82ba-0288473362ad	6594	6574	-20	38.695026	38.623061	-0.071965	0	87	0.0131938126	98.680619	98.681618	6512	57	5	25
762651d7-fe67-4f31-89c6-cf19eaf3fcb0	28696	28679	-17	37.355590	37.278601	-0.076989	0	90	0.0031363256	99.686367	99.686695	28636	13	30	47
7634594b-2b51-4b16-9dd4-56cca038b035	267	266	-1	26.423221	26.451128	0.027907	0	4	0.0149812734	98.501873	98.507463	264	1	1	2
76935edc-f3c2-411b-94cf-9d65f68f01e7	3943	3938	-5	30.930763	30.475114	-0.455649	0	30	0.0076084200	99.239158	99.240699	3921	9	8	13
76f4c7d2-62d4-4057-b88e-3ef1367fd4f2	2264	2268	4	38.100265	37.457672	-0.642593	0	14	0.0061728395	99.382716	99.383260	2256	6	6	2
7706055e-b955-49ad-9d65-794547123dc8	4845	4841	-4	28.230960	28.405908	0.174948	0	96	0.0198142415	98.018576	98.031577	4781	28	32	36
77074df0-9ea3-4b53-8a69-d8df1181f13e	6328	6331	3	39.515961	39.427579	-0.088382	0	15	0.0023692940	99.763071	99.763220	6320	4	7	4
774a2a44-a01c-44e8-af5b-d0469af8ce00	522	522	0	39.942529	39.758621	-0.183908	1	0	0.0000000000	100.000000	100.000000	522	0	0	0
7760e6d4-5b9b-4d1d-ab99-5adbcf562c0f	3543	3544	1	38.233418	38.222348	-0.011070	0	23	0.0064898420	99.351016	99.351747	3525	14	5	4
77762218-e36c-44d6-a5a1-432e699a696f	2913	2913	0	39.347408	39.219361	-0.128047	0	1	0.0003432887	99.965671	99.965671	2912	1	0	0
778abe3a-a415-42fe-9301-17e4b8dff156	316	316	0	28.794304	30.933544	2.139241	0	1	0.0031645570	99.683544	99.683544	315	1	0	0
77b7c269-d75f-4ccb-baec-44c444d314f0	375	374	-1	33.608000	33.387701	-0.220299	0	1	0.0026666667	99.733333	99.733333	374	0	0	1
77c6d7b7-b241-47bf-8a2b-540d7e4f98b4	3236	3235	-1	40.489802	40.340958	-0.148844	0	9	0.0027812114	99.721879	99.722136	3230	2	3	4
77f7751b-4569-4272-8cbd-48c8658770bb	36242	36323	81	27.646350	27.555929	-0.090421	0	690	0.0189962283	98.100377	98.109693	35812	251	260	179
77ff3f81-9bcc-435e-8b04-d2b6c9cc6d6f	2484	2477	-7	37.320048	37.533710	0.213662	0	13	0.0052334944	99.476651	99.477282	2474	0	3	10
784c715d-d8db-4bc1-a996-56e3af30c0e8	4531	4569	38	39.502759	39.129131	-0.373628	0	46	0.0100678485	98.993215	98.994096	4527	0	42	4
7880c9c7-d3e4-4738-b6d4-fd121121daa4	3073	3073	0	28.950537	29.879271	0.928734	0	15	0.0048812236	99.511878	99.512829	3064	3	6	6
78ed7b10-778e-4338-84fb-67d4b6317164	4937	4940	3	36.563905	36.262753	-0.301152	0	16	0.0032388664	99.676113	99.676310	4927	7	6	3
791c3ea3-a856-4851-abf8-3413d2345538	40232	40230	-2	39.209361	39.131096	-0.078265	0	48	0.0011930801	99.880692	99.880739	40200	14	16	18
79a4a2ab-567b-483e-826e-fc77684680fc	1347	1346	-1	42.679287	42.924963	0.245676	0	1	0.0007423905	99.925761	99.925761	1346	0	0	1
79d22e36-bbdc-4352-a1dd-ed9d8afd8373	3422	3413	-9	37.370836	37.237035	-0.133801	0	22	0.0064289889	99.357101	99.357852	3404	5	4	13
7a293db5-c345-4fef-8365-4739b8d61262	1419	1419	0	36.318534	36.281184	-0.037350	0	6	0.0042283298	99.577167	99.577762	1415	2	2	2
7a4fc735-529f-4e60-aad3-817a7c709dad	2340	2336	-4	35.955128	35.723031	-0.232097	0	7	0.0029914530	99.700855	99.700982	2334	1	1	5
7a4fe16e-7a55-4558-9af5-416c855ce880	418	418	0	40.612440	40.437799	-0.174641	1	0	0.0000000000	100.000000	100.000000	418	0	0	0
7a554a10-846f-4f45-afd5-fc9e621287c3	3941	3944	3	39.395839	39.245436	-0.150403	0	15	0.0038032454	99.619675	99.620061	3933	4	7	4
7a8f479c-7be0-4965-b47c-0d3fccd67985	1841	1842	1	35.573058	35.350706	-0.222352	0	14	0.0076004343	99.239957	99.242014	1833	3	6	5
7aa1e7dc-2267-42cf-98e6-bd3621c6a39f	33775	33775	0	37.920207	37.781643	-0.138564	0	48	0.0014211695	99.857883	99.857955	33744	14	17	17
7aae0859-f456-485e-8a35-e9a79cdf0b15	4314	4314	0	35.738294	35.478210	-0.260083	0	28	0.0064904961	99.350950	99.352601	4297	6	11	11
7b63902c-f92f-4c9e-bfd3-7f131af29ce4	2838	2830	-8	29.977097	29.922968	-0.054128	0	27	0.0095137421	99.048626	99.049965	2815	11	4	12
7bd3f9fb-c50e-42e5-9dcb-38333234c9ec	274	300	26	27.346715	26.340000	-1.006715	0	36	0.1200000000	88.000000	88.196721	269	0	31	5
7bdcce9f-3963-4038-b112-9b095ba3f1b3	4323	4325	2	39.777469	39.799306	0.021837	0	5	0.0011560694	99.884393	99.884420	4321	1	3	1
7c0a51b1-c429-418f-84f1-6b5ba65d6ecc	1264	1267	3	31.627373	31.456196	-0.171178	0	12	0.0094711918	99.052881	99.055118	1258	3	6	3
7c2bdd3c-0c83-45cc-bb9b-f4feff5f36dc	357	356	-1	40.011204	39.769663	-0.241542	0	2	0.0056022409	99.439776	99.439776	355	1	0	1
7c484e18-570f-406d-8c67-758075a64f32	25170	25164	-6	39.405959	39.359243	-0.046716	0	82	0.0032578466	99.674215	99.674552	25114	24	26	32
7c7c4fa8-dc08-45fa-bf6d-1e24c02394c6	3462	3462	0	39.142403	39.008666	-0.133738	0	14	0.0040439053	99.595609	99.596076	3452	6	4	4
7d48de7e-e597-4828-adb2-bb10e137fbb5	1308	1308	0	31.895260	31.597859	-0.297401	0	13	0.0099388379	99.006116	99.010654	1301	1	6	6
7d690151-bc53-4825-8740-5e7ae5f0b776	9225	9230	5	28.680325	28.554496	-0.125829	0	120	0.0130010834	98.699892	98.705222	9148	39	43	38
7d6d0c36-f8f8-43c1-bb21-cfa5afb6adcf	3781	3782	1	35.774663	35.675833	-0.098830	0	15	0.0039661555	99.603384	99.603908	3772	4	6	5
7dc552e4-5da9-4400-acae-e384651d196b	3712	3711	-1	40.968211	40.349501	-0.618710	0	9	0.0024245690	99.757543	99.757739	3706	2	3	4
7dda118a-8f50-4708-a142-18ca4932d2f1	4258	4256	-2	38.517379	38.223919	-0.293460	0	8	0.0018788163	99.812118	99.812251	4253	0	3	5
7df661be-d6cc-48b3-8eef-e396e86b26b8	402	400	-2	35.651741	35.335000	-0.316741	0	13	0.0323383085	96.766169	96.782178	391	7	2	4
7dfae3d4-44c1-4a1f-bb15-adee04b44a49	1677	1676	-1	37.036374	36.930788	-0.105587	0	17	0.0101371497	98.986285	98.989298	1665	6	5	6
7e64f44b-0733-4c99-bbf6-5790964d1e40	785	788	3	32.473885	32.677665	0.203780	0	8	0.0101522843	98.984772	98.987342	782	1	5	2
7ebb198a-3fe6-457a-ad84-d7686cf275b0	10184	10189	5	32.924391	32.583374	-0.341017	0	63	0.0061831387	99.381686	99.382837	10145	20	24	19
7f07eb29-e1f7-4c72-9358-9b02f5b2638e	4601	4600	-1	34.135840	34.103696	-0.032144	0	23	0.0049989133	99.500109	99.501085	4587	4	9	10
7f1fb8ac-d0bc-46ba-87dd-deb8e8d493db	1911	1911	0	41.230246	40.912088	-0.318158	1	0	0.0000000000	100.000000	100.000000	1911	0	0	0
7f46f52e-983b-4908-9c73-6dae02387c30	9397	9394	-3	34.872513	34.674473	-0.198039	0	37	0.0039374268	99.606257	99.606759	9372	10	12	15
7f7d676e-7a87-4e22-8ef1-d94a4c22e1e9	4703	4706	3	41.208803	40.972376	-0.236427	0	5	0.0010624734	99.893753	99.893753	4701	2	3	0
7fc9ea52-3a3d-4876-896c-32906aa057a5	2181	2175	-6	30.297570	29.270805	-1.026765	0	46	0.0210912425	97.890876	97.890876	2135	40	0	6
7fcaaeaa-3fb3-4c26-80c2-ec4f4f9f162b	2815	2809	-6	28.323623	28.354931	0.031307	0	37	0.0131438721	98.685613	98.690265	2788	11	10	16
7fe8d59b-6052-4f41-859f-932a19f14d08	43557	43555	-2	36.446748	36.356813	-0.089935	0	220	0.0050508529	99.494915	99.495841	43417	58	80	82
7ff772ea-abc1-4f45-898c-b0a034d32faa	373	354	-19	2.278820	1.802260	-0.476560	0	19	0.0509383378	94.906166	94.906166	354	0	0	19
7ffe42ea-532b-4ca5-ad4d-a82e72a2aca4	3178	3180	2	37.655758	37.420440	-0.235318	0	21	0.0066037736	99.339623	99.340659	3164	9	7	5
8005ee3a-f885-42a0-b410-876a7542f648	8454	8463	9	40.632009	40.387215	-0.244794	0	17	0.0020087439	99.799126	99.799173	8448	4	11	2
80795f02-ac37-4ec5-a078-a17c028c61ff	2581	2578	-3	27.354126	27.235066	-0.119060	0	21	0.0081363812	99.186362	99.187935	2565	8	5	8
80c37a30-e413-49e7-a586-f8053eab99c9	1440	1443	3	22.890278	23.168399	0.278121	0	23	0.0159390159	98.406098	98.414886	1428	4	11	8
80c38d4b-6791-4fd6-a074-1eb7ab788715	1661	1666	5	38.118001	38.273709	0.155708	0	6	0.0036014406	99.639856	99.639856	1660	1	5	0
8107f3af-7c2f-4caf-9fc8-61587ec622a0	11022	11014	-8	39.552168	39.475123	-0.077046	0	41	0.0037198331	99.628017	99.628286	10989	17	8	16
813cabb5-18fa-48d5-a4b6-e86d1431bd2e	3822	3822	0	39.926478	39.856620	-0.069859	0	8	0.0020931450	99.790686	99.790904	3818	0	4	4
8160003d-2321-433c-8766-b71c0a42cd92	12735	12751	16	39.312525	39.103757	-0.208768	0	34	0.0026664575	99.733354	99.733438	12721	10	20	4
817031b0-1452-4ee0-a307-ef32cf11d697	34656	34646	-10	38.194194	38.094297	-0.099898	0	109	0.0031451985	99.685480	99.685779	34580	33	33	43
81769c76-d3eb-4845-8095-4b59e8776998	3029	3024	-5	38.056454	38.182870	0.126416	0	9	0.0029712776	99.702872	99.702872	3020	4	0	5
81778341-58fa-45b5-9385-4f9a5da6c314	2881	2880	-1	37.430406	37.172569	-0.257837	0	9	0.0031239153	99.687608	99.687825	2874	4	2	3
81a5291b-df2f-43ff-8ee5-d2fbd8f27d31	7708	7708	0	38.968215	39.011028	0.042813	0	6	0.0007784120	99.922159	99.922179	7704	2	2	2
81c58332-81dd-4e09-9939-dcbe30cb16e1	3507	3509	2	38.089250	37.937019	-0.152231	0	20	0.0056996295	99.430037	99.430848	3494	8	7	5
81f8819b-8f06-411d-aaf6-582864aa2d70	227	228	1	22.762115	23.482456	0.720342	0	6	0.0263157895	97.368421	97.379913	223	3	2	1
828522b5-9032-441b-8dfd-cdbd8cb9a78b	4396	4396	0	24.003412	23.922884	-0.080528	0	73	0.0166060055	98.339399	98.350282	4352	15	29	29
833d984b-cf82-4d56-ab37-7535bb083b6e	339	334	-5	26.867257	27.416168	0.548911	0	6	0.0176991150	98.230088	98.230088	333	1	0	5
8370c1dd-a4b0-4795-aa57-da9dc5896e1b	1319	1352	33	30.246399	29.495562	-0.750837	0	51	0.0377218935	96.227811	96.244477	1307	6	39	6
8425a2bd-d320-46d9-84eb-a5b35c4198c5	11106	11104	-2	37.680263	37.485411	-0.194852	0	27	0.0024311183	99.756888	99.757063	11087	9	8	10
8428e575-cc19-4c43-9c6f-0e8a0a3f2044	1903	1905	2	38.781923	38.611549	-0.170375	0	3	0.0015748031	99.842520	99.842520	1902	1	2	0
8449f1bd-4b9a-4adf-bf6d-cad5a9e10299	294	294	0	33.176871	32.863946	-0.312925	0	1	0.0034013605	99.659864	99.659864	293	1	0	0
846bdaca-5b7b-45f4-82f9-4ee99394211d	277	277	0	27.379061	26.978339	-0.400722	1	0	0.0000000000	100.000000	100.000000	277	0	0	0
847670f0-72d4-4771-b623-194a6933fe22	6299	6302	3	36.252421	35.931609	-0.320812	0	19	0.0030149159	99.698508	99.698795	6289	4	9	6
84dfea65-6b67-4c64-bc98-c3d8282e0ac6	2087	2089	2	38.635841	38.742461	0.106620	0	9	0.0043082815	99.569172	99.569790	2083	1	5	3
84e9d227-431a-47e5-acff-d96f7cc0508d	13316	13313	-3	40.102433	39.970255	-0.132179	0	48	0.0036046861	99.639531	99.639964	13284	13	16	19
84ea6b3f-2e3d-4deb-8def-d3d16865a662	35405	35370	-35	40.746928	40.729997	-0.016931	0	82	0.0023160571	99.768394	99.768512	35341	11	18	53
84f59917-742f-48e6-a4ab-f36789c8f97d	263	256	-7	29.790875	30.531250	0.740375	0	8	0.0304182510	96.958175	96.958175	255	1	0	7
8503cae5-0f98-4427-93b9-75d64b5ed110	390	390	0	39.241026	39.369231	0.128205	1	0	0.0000000000	100.000000	100.000000	390	0	0	0
85770d01-100b-4de9-b668-9063fd55f16e	2615	2616	1	37.881836	37.687309	-0.194527	0	3	0.0011467890	99.885321	99.885365	2614	0	2	1
859c50fd-fee6-4444-b1d3-f6ec84705bb6	379	381	2	27.625330	27.551181	-0.074149	0	2	0.0052493438	99.475066	99.475066	379	0	2	0
85bfce31-ea8a-43e5-8fbc-6ba0bb0eb892	8973	8984	11	29.310710	29.004452	-0.306258	0	120	0.0133570793	98.664292	98.670065	8903	31	50	39
8604aa66-cae3-4f4f-9ff6-5011a0e76728	10518	10518	0	33.256132	33.097832	-0.158300	0	71	0.0067503328	99.324967	99.326567	10472	21	25	25
865b4d57-ec78-424a-86dc-8d80bd63712c	301	300	-1	2.289037	1.863333	-0.425703	0	118	0.3920265781	60.797342	62.179487	194	95	11	12
8675467b-8acb-4156-9907-5e8a6c958679	2361	2364	3	34.899195	34.565567	-0.333628	0	17	0.0071912014	99.280880	99.282095	2351	6	7	4
871a53d7-8226-4338-9d2a-83b9e99db887	519	513	-6	28.190751	28.629630	0.438878	0	13	0.0250481696	97.495183	97.504798	508	3	2	8
88341c25-73a2-4eaf-a06a-63136dc5af5b	652	650	-2	29.257669	29.435385	0.177716	0	2	0.0030674847	99.693252	99.693252	650	0	0	2
898b2586-5b12-40da-959e-de2fbe15478f	9581	9629	48	35.932053	35.565272	-0.366781	0	94	0.0097621768	99.023782	99.025301	9550	16	63	15
89bc3219-f201-4308-bbb7-fe6848de4dc9	2148	2149	1	35.006983	34.891577	-0.115406	0	6	0.0027919963	99.720800	99.720930	2144	3	2	1
89d4faf5-577f-4b5e-818e-3da1701044bc	5919	5944	25	36.900828	36.539536	-0.361292	0	64	0.0107671602	98.923284	98.924370	5886	27	31	6
8a1a3bff-f25f-4b20-a1d6-868f918fa5a7	5337	5333	-4	38.293985	38.159010	-0.134975	0	22	0.0041221660	99.587783	99.588246	5321	6	6	10
8a2f1567-f83d-4114-9b2f-d47132d44da9	1473	1473	0	39.430414	39.252546	-0.177868	0	9	0.0061099796	99.389002	99.390244	1467	3	3	3
8a3c5fd0-00b6-4533-a0ca-17d0506b75c8	1745	1745	0	40.263037	41.063037	0.800000	0	1	0.0005730659	99.942693	99.942693	1744	1	0	0
8a741841-dae9-4a5e-a7cf-a0e5d1243640	3357	3357	0	37.838248	37.740840	-0.097408	0	9	0.0026809651	99.731903	99.732143	3351	3	3	3
8ae0ebd6-e9dc-4118-a0aa-48a4e6ce7652	3012	3003	-9	36.742032	36.616384	-0.125648	0	33	0.0109561753	98.904382	98.906198	2984	14	5	14
8b04b1e0-088e-4edf-ae17-9dfde3f498c6	2443	2446	3	36.348752	36.095258	-0.253494	0	7	0.0028618152	99.713818	99.714052	2441	0	5	2
8b61123e-ffbd-43f0-9b98-34901d3ca21d	1880	1884	4	26.820745	27.001592	0.180848	0	39	0.0207006369	97.929936	97.941953	1856	13	15	11
8b78b48d-258e-4e3e-b42c-531c0db04a24	10540	10564	24	39.932258	39.613877	-0.318381	0	55	0.0052063612	99.479364	99.480004	10522	5	37	13
8b91d08b-63bf-486d-be6b-023e8fcb9bfd	2625	2627	2	34.225905	34.010659	-0.215246	0	11	0.0041872859	99.581271	99.581908	2620	1	6	4
8bb2ccac-ec83-47e6-ae7c-38f903fef78c	2430	2425	-5	38.643210	38.593814	-0.049395	0	7	0.0028806584	99.711934	99.711934	2423	2	0	5
8c3058ce-9d02-491b-97cc-fba6ea6b1b40	12807	12813	6	26.924026	26.700070	-0.223956	0	186	0.0145165067	98.548349	98.554329	12680	74	59	53
8c5e3bc1-5a12-4eac-b43e-698fa909c57a	2055	2054	-1	41.179562	41.243914	0.064352	0	3	0.0014598540	99.854015	99.854015	2052	2	0	1
8c7f710a-fef5-4ac7-a533-799c3eb31986	4916	4916	0	36.501627	36.182262	-0.319365	0	17	0.0034580960	99.654190	99.654682	4906	3	7	7
8c837351-e5fa-4f02-bd08-7d8d40048fb8	3274	3311	37	37.805131	37.322561	-0.482570	0	52	0.0157052250	98.429477	98.432318	3265	3	43	6
8caf1100-3b2a-4d21-91e5-5d8621b00ff9	9273	9282	9	32.160250	31.654816	-0.505434	0	45	0.0048480931	99.515191	99.515712	9247	16	19	10
8cb9346b-a773-4cd6-868a-c5dc00c5b7d9	4689	4686	-3	40.861591	40.879855	0.018264	0	20	0.0042653018	99.573470	99.574015	4675	5	6	9
8d06a1f8-0a1c-49a3-9125-062f979e19a9	1292	1293	1	24.878483	24.594741	-0.283742	0	4	0.0030935808	99.690642	99.690881	1290	1	2	1
8ddb7b32-957d-451d-9311-3ce3ee27a1fd	252	251	-1	28.023810	28.466135	0.442326	0	2	0.0079365079	99.206349	99.206349	250	1	0	1
8e3d97db-b630-4271-a37a-3088aad53657	1006	1006	0	32.044732	31.752485	-0.292247	0	9	0.0089463221	99.105368	99.107143	999	5	2	2
8f69f79c-1dad-4886-9daf-1178751e6880	413	414	1	41.363196	41.082126	-0.281071	0	1	0.0024154589	99.758454	99.758454	413	0	1	0
9073fe2a-e705-467b-9863-aeb18608b1d1	5075	5082	7	39.154680	39.018103	-0.136577	0	27	0.0053128689	99.468713	99.469340	5061	8	13	6
9115685d-f53e-4f01-a57d-368fde280d5f	4360	4360	0	32.068119	31.637844	-0.430275	0	15	0.0034403670	99.655963	99.656436	4351	3	6	6
914066e2-ce0b-4f32-b32f-6dd85859ea55	555	554	-1	32.740541	33.092058	0.351517	0	3	0.0054054054	99.459459	99.460432	553	0	1	2
9192177c-2c0f-46f0-9850-d39bb4bc3315	1030	1037	7	25.494175	24.891032	-0.603143	0	21	0.0202507232	97.974928	97.984645	1021	4	12	5
91b1599e-c2e1-4d15-b21a-f5e97562d581	2732	2728	-4	34.781479	34.673387	-0.108092	0	35	0.0128111274	98.718887	98.722161	2704	17	7	11
91c2e82f-6708-4310-8e1d-99bc75a686b4	587	554	-33	36.088586	38.072202	1.983616	0	33	0.0562180579	94.378194	94.378194	554	0	0	33
91f6b8b7-ad1f-4732-9ac9-3f1944032943	3518	3482	-36	41.128198	41.312464	0.184266	0	36	0.0102330870	98.976691	98.976691	3482	0	0	36
920319e8-b018-4335-a0f2-f9d6a69f5241	827	825	-2	35.197098	35.493333	0.296235	0	11	0.0133010883	98.669891	98.671498	817	7	1	3
921c3f31-c3e3-4154-bcac-d40c99f230d2	1902	1900	-2	39.242902	38.961579	-0.281323	0	5	0.0026288118	99.737119	99.737257	1898	1	1	3
92353a81-a482-4b0f-b482-30b1888277ca	2855	2863	8	37.853590	37.735941	-0.117649	0	13	0.0045406916	99.545931	99.546089	2851	3	9	1
9367ab5c-1f84-440c-bd9a-36273952f8b4	291	268	-23	1.927835	1.488806	-0.439029	0	75	0.2577319588	74.226804	74.226804	216	52	0	23
9395e6fb-4dfa-4b86-9aae-c578f85c8896	59332	59276	-56	31.728983	31.723244	-0.005739	0	529	0.0089159307	99.108407	99.110880	58968	143	165	221
93becd12-5306-44a0-979d-a8cd622db68c	2380	2376	-4	29.569748	29.517677	-0.052071	0	45	0.0189075630	98.109244	98.120301	2349	13	14	18
9455067e-b163-49de-955a-ac32deecf8cd	1946	1951	5	39.963001	39.848283	-0.114718	0	10	0.0051255766	99.487442	99.487705	1942	3	6	1
951a5bf1-9d4a-4870-ad69-8080649a8ef9	361	362	1	28.171745	27.616022	-0.555723	0	11	0.0303867403	96.961326	96.986301	354	4	4	3
95346370-dd4d-4856-97fc-5cc5f5778d52	1961	1961	0	39.120857	38.896991	-0.223865	0	4	0.0020397756	99.796022	99.796126	1958	2	1	1
966e02ed-a151-4526-ac50-2576671ec81f	237	237	0	26.962025	27.033755	0.071730	1	0	0.0000000000	100.000000	100.000000	237	0	0	0
970f44a3-e8eb-4c16-a964-fe27fa9fc81c	13418	13403	-15	39.283798	39.204283	-0.079515	0	36	0.0026829632	99.731704	99.731864	13390	5	8	23
9754994d-867e-4e2d-8560-cc8cea4ec736	407	410	3	29.164619	31.041463	1.876844	0	4	0.0097560976	99.024390	99.024390	406	1	3	0
97b52417-daaf-430e-b524-a78850bffcfa	1393	1393	0	41.408471	41.547021	0.138550	1	0	0.0000000000	100.000000	100.000000	1393	0	0	0
9819e976-8d7d-4ea5-911d-80a1322b7a84	12803	12815	12	27.054050	26.947561	-0.106488	0	150	0.0117050332	98.829497	98.833320	12707	54	54	42
9859d438-6865-4ea8-bff7-678b08664ba5	3956	3957	1	38.256825	38.485216	0.228391	0	3	0.0007581501	99.924185	99.924204	3955	0	2	1
98b7e10e-da3b-4ed9-a91b-a6ad83903a8d	1179	1180	1	40.732824	40.743220	0.010396	0	2	0.0016949153	99.830508	99.830508	1178	1	1	0
9907882a-c767-49f6-9473-95adce5b5ce3	12811	12807	-4	39.126142	38.891622	-0.234520	0	65	0.0050737647	99.492624	99.493335	12764	25	18	22
991ad54a-5017-47b9-b078-49aa131ea162	2708	2707	-1	35.922083	35.630218	-0.291865	0	19	0.0070162482	99.298375	99.300184	2696	4	7	8
993c789a-98cc-4b2b-a7e5-d6c2c75f7d69	5123	5122	-1	42.132735	42.200117	0.067382	0	1	0.0001951981	99.980480	99.980480	5122	0	0	1
9940929c-f861-4a49-887b-3fd2508e883d	316	317	1	21.658228	21.176656	-0.481572	0	15	0.0473186120	95.268139	95.327103	306	6	5	4
998583e8-fd27-40f8-a3d0-7ababcc4a677	2781	2778	-3	38.893204	38.644348	-0.248855	0	13	0.0046745775	99.532542	99.533046	2771	4	3	6
99b167b5-ce0e-4cda-a26f-1c41253d309d	6418	6469	51	27.591773	27.523574	-0.068199	0	132	0.0204050085	97.959499	97.967980	6364	27	78	27
99c759c8-6d22-4c54-a63e-76a6116b3903	13833	13821	-12	32.425287	32.058606	-0.366681	0	118	0.0085303260	99.146967	99.148875	13746	44	31	43
99db874d-ea86-4ca5-b011-e88f2067d425	2425	2431	6	36.561237	35.939942	-0.621295	0	17	0.0069930070	99.300699	99.301274	2416	7	8	2
99efebfc-b805-490c-8c6c-c74c12ddc634	6632	6626	-6	34.510555	34.426049	-0.084506	0	29	0.0043727382	99.562726	99.563253	6611	7	8	14
99f62977-c9ff-44e6-8c42-de477f07a9f1	12528	12494	-34	39.652858	39.689691	0.036833	0	55	0.0043901660	99.560983	99.561299	12482	3	9	43
9a38ae70-ede8-4869-ab9c-cb9d1986d7c0	963	959	-4	29.240914	29.329510	0.088596	0	8	0.0083073728	99.169263	99.170124	956	2	1	5
9a7ef1e4-7f49-46a4-b23b-44ae06647503	335	331	-4	29.382090	29.120846	-0.261244	0	7	0.0208955224	97.910448	97.910448	328	3	0	4
9ad3bc3b-90e0-448c-996a-d4016252f685	6707	6706	-1	39.238855	39.621831	0.382976	0	14	0.0020873714	99.791263	99.791387	6697	5	4	5
9af3617e-8af2-45a7-959b-4c2e6409275c	335	333	-2	31.994030	32.357357	0.363328	0	3	0.0089552239	99.104478	99.104478	332	1	0	2
9b82698e-0987-4632-84c4-f7efeb2511a1	1157	1157	0	39.968021	39.882455	-0.085566	1	0	0.0000000000	100.000000	100.000000	1157	0	0	0
9bc715b6-78b5-4a4c-9d5d-b11637783c57	2056	2052	-4	41.462062	41.575536	0.113474	0	4	0.0019455253	99.805447	99.805447	2052	0	0	4
9bd53ee0-7bb8-4ac9-8408-95b6c8182ee4	818	818	0	39.156479	39.161369	0.004890	1	0	0.0000000000	100.000000	100.000000	818	0	0	0
9c227e98-28ed-4e69-b3cd-3af1a21c7f68	2093	2091	-2	36.221691	36.341463	0.119772	0	18	0.0086000956	99.139990	99.142040	2080	6	5	7
9c44a44a-f1ce-4d90-98c3-71a65684039d	4639	4631	-8	37.744341	37.760311	0.015969	0	17	0.0036645829	99.633542	99.633621	4623	7	1	9
9c4ca488-7010-4130-ad35-6047ce706a64	409	410	1	28.095355	28.024390	-0.070964	0	2	0.0048780488	99.512195	99.512195	408	1	1	0
9c7ea5d4-aab3-4cc4-a08e-609e4889629e	4295	4364	69	38.321304	37.782768	-0.538536	0	93	0.0213107241	97.868928	97.871366	4276	14	74	5
9c8054b1-10d3-4eab-b0a3-905f0705f723	3977	3976	-1	36.089263	36.471328	0.382065	0	17	0.0042745788	99.572542	99.573079	3965	6	5	6
9cc0133c-4c01-4570-86e3-079edfbfa3fc	2618	2617	-1	31.847212	31.725258	-0.121954	0	18	0.0068754775	99.312452	99.314024	2606	5	6	7
9cc12843-a393-46a3-aa28-a4ca1ef727f0	3115	3113	-2	35.976244	35.559589	-0.416655	0	18	0.0057784912	99.422151	99.423077	3102	6	5	7
9cc1dd11-b6f2-4ce8-9b96-baa3e59b48fc	6984	6992	8	31.344788	31.132437	-0.212351	0	59	0.0084382151	99.156178	99.157865	6947	23	22	14
9cc36a31-06b3-4ffb-9dc7-dfd6468213d0	2450	2448	-2	39.604082	39.530229	-0.073853	0	7	0.0028571429	99.714286	99.714519	2445	1	2	4
9ccc4b5c-131d-405f-b8cd-f2d4c07b473b	1180	1179	-1	39.747458	39.465649	-0.281809	0	8	0.0067796610	99.322034	99.323181	1174	3	2	3
9d28bfc3-8264-4a44-9b2c-97ad800a9dbb	36588	36597	9	35.294140	35.066836	-0.227304	0	232	0.0063393174	99.366068	99.367365	36440	73	84	75
9d3f5998-5738-4585-a17c-b1e4d8a6db19	2109	2112	3	41.133713	41.111742	-0.021970	0	6	0.0028409091	99.715909	99.716044	2107	1	4	1
9d6422f0-9f22-4d12-9bf0-6617efddc308	3559	3576	17	40.019106	39.754754	-0.264353	0	32	0.0089485459	99.105145	99.106894	3551	1	24	7
9dcef088-ab75-495f-9b73-1c2d7e4ed7a5	2386	2384	-2	40.129086	40.188758	0.059672	0	2	0.0008382230	99.916178	99.916178	2384	0	0	2
9dd96923-be08-45d0-9aae-27e5af163dc4	1431	1430	-1	19.192173	19.070629	-0.121544	0	40	0.0279524808	97.204752	97.226075	1402	17	11	12
9e0e8305-3e04-4faf-b250-054e639306a5	2307	2304	-3	34.707412	34.759983	0.052570	0	5	0.0021673169	99.783268	99.783362	2303	0	1	4
9e102c4d-fd0c-4519-9145-5b612768912e	2598	2610	12	32.896074	32.735632	-0.160442	0	20	0.0076628352	99.233716	99.234889	2594	0	16	4
9e4eb5dd-7c9f-4a66-80a8-a261bbc95417	2045	2044	-1	37.945232	38.099315	0.154083	0	1	0.0004889976	99.951100	99.951100	2044	0	0	1
9e86a4c0-de3c-4743-a72d-ce0c53a0db39	11734	11732	-2	38.249872	38.162803	-0.087070	0	18	0.0015340037	99.846600	99.846665	11721	6	5	7
9ef0d630-5f9c-48c3-9b8c-8f0ff419a689	4571	4577	6	39.668344	39.680358	0.012014	0	6	0.0013109023	99.868910	99.868910	4571	0	6	0
9f187eca-9aaa-4609-82c5-dd1992c96ea8	1162	1166	4	34.589501	34.364494	-0.225007	0	16	0.0137221269	98.627787	98.632479	1154	4	8	4
9f18d3c5-2bfe-492b-8c2f-c548684e7813	1162	1161	-1	39.715146	39.551249	-0.163897	0	1	0.0008605852	99.913941	99.913941	1161	0	0	1
9f1a43a8-8fbf-4eb4-ac9f-0d14cf363832	2098	2099	1	28.710200	28.441639	-0.268561	0	18	0.0085755121	99.142449	99.144893	2087	5	7	6
9f3941e2-76a4-45c5-8284-10cd6975f0ec	474	475	1	24.305907	24.244211	-0.061697	0	3	0.0063157895	99.368421	99.368421	472	2	1	0
9f60c848-5527-4e10-93a2-c42e7427e7f6	2198	2198	0	39.790719	39.546406	-0.244313	0	2	0.0009099181	99.909008	99.909050	2197	0	1	1
9f6a4923-46e6-4767-8f92-6c38bcad16c4	870	870	0	36.445977	36.316092	-0.129885	0	5	0.0057471264	99.425287	99.426606	867	1	2	2
9f867707-dd3f-4da9-b25c-aaa524bb81f9	43327	43324	-3	39.895677	39.739059	-0.156618	0	90	0.0020772267	99.792277	99.792440	43271	19	34	37
9f895f4d-dc7b-4bbf-a0a9-2803c8a7d27b	5203	5210	7	36.741111	36.282150	-0.458961	0	18	0.0034548944	99.654511	99.654776	5196	3	11	4
9fcd33ea-3bab-4a1e-a2e7-f7243231d4cf	10974	11055	81	32.970749	32.496517	-0.474232	0	333	0.0301221167	96.987788	96.993499	10743	210	102	21
9fe1ff95-6d52-4b27-b359-ff503e14d6cb	5429	5425	-4	38.507092	38.433917	-0.073174	0	18	0.0033155277	99.668447	99.668630	5414	8	3	7
a006e852-5d05-441f-b334-c6aca8431672	24481	24487	6	29.876598	29.704047	-0.172551	0	197	0.0080450851	99.195491	99.197425	24349	73	65	59
a02ab59b-fb67-4fa9-9481-0011552855b0	1974	1971	-3	39.581054	39.449011	-0.132043	0	5	0.0025329281	99.746707	99.746835	1970	0	1	4
a0a74a4d-621f-46df-8c62-5008ea94b20b	196	215	19	1.775510	1.953488	0.177978	0	20	0.0930232558	90.697674	90.697674	195	1	19	0
a0b58350-d167-4dad-8625-fca0276b2d1a	2812	2819	7	35.747511	35.122384	-0.625127	0	20	0.0070947144	99.290529	99.291283	2802	7	10	3
a0ff2f47-e376-4543-aae0-cba83a1f8e5a	308	306	-2	28.892857	28.895425	0.002568	0	2	0.0064935065	99.350649	99.350649	306	0	0	2
a1396ec3-a16e-4939-bfdf-32db01b9f6f3	4011	4002	-9	32.227125	31.997501	-0.229624	0	26	0.0064821740	99.351783	99.352428	3989	9	4	13
a18665e6-045b-4a13-a436-49b92be54d79	3995	3991	-4	38.296120	38.128790	-0.167330	0	24	0.0060075094	99.399249	99.400150	3977	8	6	10
a186abe7-816e-405a-95e9-c782b52b0b58	5953	5950	-3	37.703175	37.608739	-0.094435	0	22	0.0036956157	99.630438	99.630811	5937	7	6	9
a19f67a3-b2c5-419c-8b7d-023a7f2eb48f	2401	2400	-1	41.800916	41.802917	0.002000	0	4	0.0016659725	99.833403	99.833403	2397	3	0	1
a1d44277-7c38-45b3-8c8a-c450488ae154	1653	1653	0	31.327284	31.407139	0.079855	0	20	0.0120992136	98.790079	98.795906	1641	4	8	8
a22442d5-9b3a-440a-987b-111ec3e83bd7	2590	2590	0	38.284170	38.335521	0.051351	0	1	0.0003861004	99.961390	99.961390	2589	1	0	0
a264fb92-9a35-434b-b36e-44ba4d3ffeef	402	402	0	35.577114	35.203980	-0.373134	1	0	0.0000000000	100.000000	100.000000	402	0	0	0
a2dafc75-b968-454b-a7c8-86ccbc959b68	5907	5906	-1	40.729474	40.701490	-0.027983	0	15	0.0025393601	99.746064	99.746279	5897	4	5	6
a379e8e5-b025-4a72-b094-98de5776a46f	3466	3465	-1	36.172245	36.078788	-0.093457	0	15	0.0043277553	99.567224	99.567848	3456	4	5	6
a37d66a4-b12d-4a05-8ea1-bbf75b2acbd3	2688	2689	1	38.991071	38.806620	-0.184452	0	9	0.0033469691	99.665303	99.665552	2682	4	3	2
a39ceea9-064c-4205-a7ed-4e2d4f4a47c7	5447	5414	-33	38.985313	39.362948	0.377635	0	37	0.0067927299	99.320727	99.320852	5411	2	1	34
a3d8bcb1-ef03-4ac4-a3de-1e806f9faafe	5834	5838	4	40.386013	40.440904	0.054891	0	22	0.0037684138	99.623159	99.623610	5823	4	11	7
a4de1be0-5a05-4233-a3ef-60781c82d589	1048	1048	0	38.708015	38.525763	-0.182252	0	2	0.0019083969	99.809160	99.809342	1047	0	1	1
a51b881d-f22b-465c-9df0-681aa9fc22cd	4206	4210	4	38.880647	38.699762	-0.180884	0	22	0.0052256532	99.477435	99.478178	4194	6	10	6
a52bde0b-85f6-4ccb-86a4-343a06edf3d4	12567	12563	-4	40.047267	39.981772	-0.065495	0	27	0.0021484841	99.785152	99.785288	12548	7	8	12
a5731420-ec2e-44cb-a25b-f8d22e54ba80	2604	2606	2	33.287634	33.822333	0.534699	0	22	0.0084420568	99.155794	99.157088	2588	12	6	4
a5873596-34d4-4eb5-83db-1a4f3d174606	11416	11454	38	38.406359	38.005675	-0.400685	0	190	0.0165880915	98.341191	98.344371	11286	108	60	22
a5fbd683-7044-4430-9ee9-8a4e4731f7eb	1580	1582	2	39.231646	39.207965	-0.023681	0	2	0.0012642225	99.873578	99.873578	1580	0	2	0
a608c634-7e87-460f-8428-36e7f9ce8fd3	2752	2755	3	40.615552	40.244283	-0.371269	0	6	0.0021778584	99.782214	99.782293	2750	1	4	1
a6671bd0-773a-44a0-9a0d-3e737f5d81f9	2040	2033	-7	39.436765	39.958682	0.521917	0	12	0.0058823529	99.411765	99.412053	2029	3	1	8
a7c183f6-e5b3-489f-9359-90cfe19abe6a	296	297	1	23.125000	22.986532	-0.138468	0	6	0.0202020202	97.979798	97.986577	292	3	2	1
a7ef891c-9bb7-4cab-9fd9-b3a0276e1e6a	3026	3021	-5	36.405816	36.250910	-0.154906	0	8	0.0026437541	99.735625	99.735625	3018	3	0	5
a83ecc98-a884-4680-a99f-042ae3b28a67	1729	1723	-6	41.423366	41.666860	0.243494	0	8	0.0046269520	99.537305	99.537305	1721	2	0	6
a8f86ae9-45a4-4c79-adf8-ff4455e1fac2	13450	13451	1	38.983569	38.882462	-0.101107	0	32	0.0023790053	99.762099	99.762294	13430	9	12	11
a932074b-cd63-4b00-9039-030e9712a074	1267	1268	1	37.658248	37.593060	-0.065188	0	1	0.0007886435	99.921136	99.921136	1267	0	1	0
a93f3e6b-9435-47a3-a895-5503d5954a7f	384	384	0	27.067708	27.325521	0.257812	0	1	0.0026041667	99.739583	99.739583	383	1	0	0
a9940da4-5e7e-45d4-b28a-043a26484b51	452	452	0	38.643805	38.203540	-0.440265	1	0	0.0000000000	100.000000	100.000000	452	0	0	0
a9d69ac2-091a-479d-904f-333fcfbb5d5e	3238	3236	-2	38.397776	38.476823	0.079047	0	3	0.0009264978	99.907350	99.907350	3235	1	0	2
a9df8707-3e7d-4b6a-825a-b95fc7c0a5ba	887	886	-1	34.350620	34.162528	-0.188092	0	9	0.0101465614	98.985344	98.987627	880	4	2	3
aa05c38d-2341-4303-b238-010052854b55	855	853	-2	29.480702	29.917937	0.437235	0	7	0.0081871345	99.181287	99.183197	850	1	2	4
aa0b4545-5e35-4ad8-865f-56409e9f0de7	1509	1508	-1	40.648774	40.372016	-0.276758	0	4	0.0026507621	99.734924	99.735099	1506	1	1	2
aa5d33c7-e5b1-45a5-897d-db359b881296	7152	7321	169	37.566415	36.801940	-0.764475	0	172	0.0234940582	97.650594	97.650594	7149	3	169	0
aa95cde5-ff3d-4d3a-8af3-7cd6b685c523	2067	2070	3	40.390421	39.900966	-0.489455	0	3	0.0014492754	99.855072	99.855072	2067	0	3	0
aac81e2b-fbd6-4744-8da7-683eb3eb9788	2436	2443	7	38.085796	38.168645	0.082849	0	9	0.0036839951	99.631600	99.631600	2434	2	7	0
ab10b97e-17d5-4be2-a450-917598c53630	4866	4894	28	38.887793	38.314875	-0.572917	0	60	0.0122599101	98.774009	98.777008	4846	8	40	12
ab67c6c1-9602-49ee-adaf-7ca7c36c36c9	1731	1732	1	38.675332	38.718822	0.043490	0	10	0.0057736721	99.422633	99.423631	1725	3	4	3
abf2287c-a1fb-471a-a94c-6d814d0bf27d	2615	2615	0	29.789293	29.681836	-0.107457	0	24	0.0091778203	99.082218	99.085017	2599	8	8	8
ac0028cd-ce54-4184-bba5-6d9d92f55ea6	15373	15341	-32	38.354192	38.488821	0.134628	0	62	0.0040330449	99.596696	99.597010	15323	6	12	44
ac01d440-de58-4de6-bed8-170bb9190887	3043	3043	0	37.776208	37.282944	-0.493263	0	1	0.0003286231	99.967138	99.967138	3042	1	0	0
ac23b100-60c3-4176-a681-5c4254a87d19	138	139	1	26.101449	25.647482	-0.453967	0	2	0.0143884892	98.561151	98.561151	137	1	1	0
ac598482-b119-4584-9989-f3c7197c92fb	4141	4104	-37	33.656363	33.722466	0.066103	0	272	0.0656846172	93.431538	93.445783	3878	217	9	46
ac6b7609-98b1-45db-ad39-4aa7374b0be9	7116	7096	-20	30.892496	30.545096	-0.347400	0	101	0.0141933671	98.580663	98.586028	7042	27	27	47
ac9b7d3b-abe3-465e-adc9-658815d7fd24	3441	3463	22	28.922406	28.575801	-0.346605	0	64	0.0184810858	98.151891	98.159333	3413	14	36	14
acb28f33-19cc-4f39-8574-090a18099e61	3026	3024	-2	40.041309	39.892526	-0.148782	0	10	0.0033046927	99.669531	99.669749	3018	4	2	4
acc355b2-45cf-4d78-83ea-64881ae3cfed	3034	3036	2	37.246539	37.010870	-0.235670	0	19	0.0062582345	99.374177	99.375206	3022	7	7	5
aceffd7c-8cfd-429f-b861-0359026aad6a	2523	2514	-9	31.615933	31.648369	0.032436	0	20	0.0079270709	99.207293	99.208234	2506	5	3	12
ada9a76e-444a-4340-b9e8-a56e1b2e1331	3992	3987	-5	31.579910	31.226988	-0.352922	0	47	0.0117735471	98.822645	98.825881	3956	20	11	16
adedacae-cd02-4ea5-8fa9-ad2a31c6a54b	2955	2951	-4	40.542470	40.565910	0.023439	0	5	0.0016920474	99.830795	99.830795	2950	1	0	4
ae6ddeb0-6ed2-4387-b62e-6e8381b3089c	1303	1302	-1	41.123561	40.990783	-0.132778	0	5	0.0038372985	99.616270	99.616858	1300	0	2	3
aea34642-c55a-4c55-a6f9-1fa5043051b0	1107	1105	-2	36.179765	35.964706	-0.215059	0	3	0.0027100271	99.728997	99.728997	1104	1	0	2
aeace79b-a7a3-485b-a42c-6224741d416f	266	269	3	31.627820	30.609665	-1.018154	0	3	0.0111524164	98.884758	98.884758	266	0	3	0
af2dfeba-f628-4bf7-8ad2-b6e9ebced3f0	456	455	-1	39.357456	39.281319	-0.076137	0	1	0.0021929825	99.780702	99.780702	455	0	0	1
af49aa01-7551-47c9-9297-dacede6ab816	3728	3727	-1	40.501341	40.348269	-0.153072	0	14	0.0037553648	99.624464	99.624866	3718	5	4	5
af9adc1d-1a66-4e7c-ac3f-27ee0c676f25	4803	4811	8	36.690610	36.505092	-0.185518	0	13	0.0027021409	99.729786	99.729898	4800	1	10	2
afa80361-66c6-43e8-badf-7e615bbcc07e	11496	11516	20	32.497303	32.353682	-0.143622	0	108	0.0093782563	99.062174	99.065259	11446	12	58	38
afb10806-720b-4de8-bfe7-d9437dccf784	334	329	-5	26.383234	26.841945	0.458712	0	7	0.0209580838	97.904192	97.910448	328	0	1	6
b0238f06-26e0-4916-b7da-daba459bd8dd	1706	1705	-1	26.169402	27.013490	0.844088	0	25	0.0146541618	98.534584	98.541424	1689	8	8	9
b02abce6-7ee8-43d2-a8d2-4b25933c9b34	2318	2318	0	36.931838	37.096204	0.164366	0	2	0.0008628128	99.913719	99.913756	2317	0	1	1
b0377c0d-a149-4e62-bb79-1327ef0dadc2	1420	1422	2	26.961268	26.707454	-0.253813	0	22	0.0154711674	98.452883	98.460462	1407	6	9	7
b03d9971-832c-42d3-8d34-62b4e06ad639	9060	9062	2	37.140066	36.999228	-0.140839	0	33	0.0036415802	99.635842	99.636243	9039	11	12	10
b06abdde-649a-4043-834c-ee832474afa1	355	342	-13	16.216901	19.429825	3.212923	0	22	0.0619718310	93.802817	93.854749	336	3	3	16
b092270a-7aa1-490a-8263-01517a94ee61	4351	4350	-1	28.365663	28.304138	-0.061525	0	39	0.0089634567	99.103654	99.106529	4326	10	14	15
b0b28120-32f3-4a19-8484-bd1cf9c6f515	19948	19928	-20	32.562061	32.548926	-0.013135	0	178	0.0089232003	99.107680	99.110044	19823	52	53	73
b16efb19-1041-4673-acb0-0537f7a857d7	349	347	-2	29.613181	29.397695	-0.215486	0	4	0.0114613181	98.853868	98.857143	346	0	1	3
b17d1d6c-e219-476f-9d3b-c055e614e712	5071	5067	-4	29.686255	29.323860	-0.362395	0	51	0.0100571879	98.994281	98.997642	5037	13	17	21
b1e3844c-2b24-41af-ad52-5c691e2c85b9	14864	14871	7	39.397201	39.218210	-0.178991	0	62	0.0041691884	99.583081	99.583669	14830	13	28	21
b2bcb217-5d3b-4191-9f2e-b401fdd07b3f	3032	3026	-6	38.079485	38.057832	-0.021653	0	19	0.0062664908	99.373351	99.374383	3018	3	5	11
b2f80039-d90f-4cf0-9b81-1ab1853457c1	1303	1300	-3	35.632387	36.122308	0.489921	0	4	0.0030698388	99.693016	99.693016	1299	1	0	3
b34edfd1-a13d-4c8f-bd43-fa635c7fb167	4989	5004	15	41.175586	40.979416	-0.196170	0	28	0.0055955236	99.440448	99.441006	4981	3	20	5
b382af0b-14a8-4ac0-84c1-23a86cd07060	7976	8044	68	36.711133	36.386002	-0.325131	0	256	0.0318249627	96.817504	96.824215	7805	154	85	17
b3f17575-5fe6-471e-8a02-6f045e676e7f	2648	2647	-1	37.962613	38.102380	0.139767	0	9	0.0033987915	99.660121	99.660505	2642	2	3	4
b43bbe7a-29d3-4ae9-9c85-e8614173fe94	1223	1223	0	38.388389	38.322159	-0.066231	1	0	0.0000000000	100.000000	100.000000	1223	0	0	0
b495d994-dcd2-4e9b-838d-1a190fea3a6c	261	258	-3	24.157088	23.426357	-0.730732	0	6	0.0229885057	97.701149	97.709924	256	1	1	4
b49e0549-e337-45f2-82b1-e354047fc11e	3511	3518	7	34.388778	33.898806	-0.489972	0	137	0.0389425810	96.105742	96.117880	3392	108	18	11
b56ec9ec-272b-465f-aec2-445d1e68d91f	3934	3972	38	36.725216	36.198892	-0.526324	0	111	0.0279456193	97.205438	97.208249	3865	65	42	4
b617e915-c36c-4fd9-bb15-2afd0255aa57	324	324	0	30.114198	29.774691	-0.339506	1	0	0.0000000000	100.000000	100.000000	324	0	0	0
b618b0b4-8d47-4121-8fec-fa6a766db9da	2193	2195	2	34.374373	34.229157	-0.145216	0	6	0.0027334852	99.726651	99.726776	2190	2	3	1
b64015c4-cde8-43b5-91d1-6556e30746a8	12775	12769	-6	40.086732	39.940716	-0.146016	0	38	0.0029745597	99.702544	99.702753	12746	14	9	15
b6f1b39c-9f11-4012-95c7-2c890aa61b7b	2583	2581	-2	36.839334	36.783030	-0.056304	0	6	0.0023228804	99.767712	99.767802	2578	2	1	3
b728801d-b642-4584-af8f-caa1a0055d6f	4371	4372	1	36.716312	36.539799	-0.176513	0	16	0.0036596523	99.634035	99.634536	4362	3	7	6
b76c39d4-64cb-42bb-8834-7c3f95da8afe	1034	1033	-1	39.025145	38.258470	-0.766675	0	1	0.0009671180	99.903288	99.903288	1033	0	0	1
b77d2335-1550-44ba-a9c3-84cca3b44568	2745	2748	3	40.070674	39.901747	-0.168927	0	7	0.0025473071	99.745269	99.745269	2741	4	3	0
b788990b-667c-4c52-bebf-b6ab886dd347	2966	2977	11	36.009777	35.746053	-0.263724	0	17	0.0057104468	99.428955	99.429147	2961	4	12	1
b7ae8661-c0d8-4a92-84ca-7a8ecf528785	1524	1522	-2	35.924541	35.724047	-0.200493	0	9	0.0059055118	99.409449	99.409836	1516	5	1	3
b7ebbf7b-013b-4e4c-89d6-cb5ac6361b58	2886	2886	0	34.176715	33.883922	-0.292793	0	13	0.0045045045	99.549550	99.550329	2878	3	5	5
b7fa546f-892e-4c87-8b8a-7c011de52df4	547	546	-1	30.893967	30.767399	-0.126568	0	3	0.0054844607	99.451554	99.452555	545	0	1	2
b82afdde-9b14-4b1c-a3bc-5a5fcbb55d94	823	821	-2	39.809235	39.186358	-0.622876	0	3	0.0036452005	99.635480	99.635480	820	1	0	2
b840bf47-2df9-46f0-aaef-5949fc960195	5467	5466	-1	33.810316	33.513538	-0.296778	0	36	0.0065849643	99.341504	99.342826	5442	13	11	12
b8583ae6-c380-46d5-9139-b903924cd6e2	499	501	2	27.276553	27.135729	-0.140825	0	2	0.0039920160	99.600798	99.600798	499	0	2	0
b8a010d0-e90e-4534-a803-66a3eff4b160	8091	8103	12	38.839822	38.621498	-0.218324	0	24	0.0029618660	99.703813	99.703923	8082	6	15	3
b9362bce-4c32-4c5b-8d8c-e28376849cd9	345	345	0	29.197101	28.249275	-0.947826	1	0	0.0000000000	100.000000	100.000000	345	0	0	0
b96495a5-9b85-4117-9219-2e40b88dd75e	8505	8499	-6	26.518871	26.468408	-0.050463	0	141	0.0165784832	98.342152	98.350684	8408	47	44	50
b98a6ace-feb6-479b-bd3f-c401ab092954	38055	38083	28	19.724268	19.684662	-0.039605	0	764	0.0200614447	97.993856	98.006003	37551	272	260	232
b9cc533e-1f91-4242-b3ec-8a4d45846d7e	2942	2932	-10	37.807954	37.758868	-0.049086	0	12	0.0040788579	99.592114	99.592114	2930	2	0	10
b9eb5d22-d22d-41be-91ef-e4241a3acbd5	2514	2481	-33	37.891806	37.777912	-0.113894	0	37	0.0147175815	98.528242	98.529412	2479	0	2	35
ba6e78e7-515c-4fa9-a96b-48eaac51f8c1	20622	20631	9	38.992290	38.926955	-0.065335	0	68	0.0032960109	99.670399	99.670734	20584	17	30	21
ba7ba556-0364-4ec5-8913-746eac30f106	1733	1732	-1	39.740912	39.625289	-0.115623	0	5	0.0028851702	99.711483	99.711816	1730	0	2	3
baaf4860-8c90-404b-a48d-bd6187d7a267	3254	3247	-7	33.641364	33.913459	0.272094	0	10	0.0030731407	99.692686	99.692780	3245	1	1	8
bb26f363-dcc0-46cc-8d33-9ae1a494b9c8	5344	5346	2	40.088136	40.031425	-0.056711	0	28	0.0052375608	99.476244	99.477222	5328	6	12	10
bb31df33-8af7-4aeb-b936-abc56dcf49fe	4096	4112	16	37.614258	37.545963	-0.068295	0	32	0.0077821012	99.221790	99.222357	4083	10	19	3
bb3358fd-42d3-4ba3-a250-4399759ccb06	539	541	2	19.784787	19.844732	0.059945	0	17	0.0314232902	96.857671	96.880734	528	7	6	4
bb8fd96b-e255-404a-88d2-6d0edc260d46	2112	2108	-4	39.292614	39.104364	-0.188249	0	11	0.0052083333	99.479167	99.479659	2103	3	2	6
bbc85877-bcbb-4984-b4ea-c6f4ff0de4ef	4529	4526	-3	40.229852	40.015024	-0.214828	0	10	0.0022079929	99.779201	99.779298	4521	3	2	5
bbfd6c27-71c8-4d85-b1c4-6bfdba2c8d57	1593	1599	6	29.932203	29.892433	-0.039771	0	16	0.0100062539	98.999375	99.001248	1586	4	9	3
bc4732e4-8fdc-41bf-91c4-f692e74162d2	2575	2576	1	38.263301	37.985637	-0.277664	0	6	0.0023291925	99.767081	99.767171	2571	3	2	1
bcb9ccaf-f33c-42cc-977c-0296627aaf1f	408	409	1	39.267157	39.024450	-0.242707	0	3	0.0073349633	99.266504	99.268293	407	0	2	1
bd39b14f-34ba-4afa-8111-b923f30317a0	8123	8123	0	34.983873	34.896959	-0.086914	0	13	0.0016003939	99.839961	99.840039	8114	5	4	4
bd41114f-76ff-4f6b-a25b-81f8021b0d44	1090	1057	-33	34.788991	35.578997	0.790006	0	37	0.0339449541	96.605505	96.608616	1054	2	1	34
bd5e0ed1-5b0a-472e-bea6-b5a0b4967431	2632	2633	1	37.118541	36.638815	-0.479726	0	3	0.0011393847	99.886062	99.886105	2631	0	2	1
bd7adec8-bb40-4d15-9860-ed40d0f4537f	5765	5774	9	40.345013	40.085383	-0.259630	0	20	0.0034638033	99.653620	99.653740	5756	7	11	2
bd83bc92-ca02-4656-8be1-a4ade7578960	2844	2840	-4	35.962025	36.121127	0.159101	0	20	0.0070323488	99.296765	99.297506	2827	10	3	7
bd9c3256-dc82-45c3-86c7-a1403b1a2761	5251	5267	16	25.315749	24.934878	-0.380872	0	89	0.0168976647	98.310234	98.317262	5200	29	38	22
bd9ca027-0bf8-4019-bd20-a859f2186080	294	294	0	33.714286	33.435374	-0.278912	0	8	0.0272108844	97.278912	97.297297	288	4	2	2
be1497b5-ff8a-4fd0-9153-631e00604950	8108	8104	-4	37.048594	37.039116	-0.009477	0	18	0.0022200296	99.777997	99.778052	8092	10	2	6
be3aa28c-8763-4f41-b74f-b1c418cd842f	3357	3361	4	38.957998	38.695626	-0.262372	0	13	0.0038678965	99.613210	99.613555	3351	3	7	3
be4108a3-75b8-4537-834f-dc2cb3303d16	16348	16358	10	33.361512	33.171231	-0.190281	0	88	0.0053796308	99.462037	99.462923	16297	24	37	27
bee40bf4-22aa-4888-8f83-63957d6e6118	3467	3466	-1	36.005480	35.758511	-0.246969	0	2	0.0005768676	99.942313	99.942313	3465	1	0	1
bf3cc943-b54b-4bfb-b483-bd021f49f0f5	687	691	4	39.719068	39.325615	-0.393453	0	4	0.0057887120	99.421129	99.421129	687	0	4	0
bf76258d-dfb5-4043-9d97-ede55a8c2a83	1435	1433	-2	24.625087	24.264480	-0.360607	0	32	0.0222996516	97.770035	97.782398	1411	14	8	10
bfa9e6c4-b131-4e13-b5f3-f4ede02d6f0b	3649	3650	1	38.959167	38.923836	-0.035331	0	11	0.0030136986	99.698630	99.698795	3641	6	3	2
bfc1597e-9c8d-4ed5-ba72-e3adb904e330	1336	1337	1	37.803892	37.689604	-0.114289	0	10	0.0074794316	99.252057	99.254288	1331	1	5	4
bff99f63-354f-49f4-93b4-7053410f7b73	11997	11996	-1	40.331166	40.154968	-0.176198	0	28	0.0023339168	99.766608	99.766822	11980	5	11	12
bffb7f8a-f50c-4f08-9c81-12c09f1b9a7e	3719	3717	-2	40.762302	40.523540	-0.238761	0	9	0.0024200054	99.757999	99.758130	3712	3	2	4
c021d54d-87b8-4851-ba18-e97f79fa8357	2718	2718	0	40.778882	40.816777	0.037896	1	0	0.0000000000	100.000000	100.000000	2718	0	0	0
c02e22c5-2dd5-446e-8d92-bdc510c4c840	30323	30331	8	39.701514	39.546800	-0.154713	0	40	0.0013187828	99.868122	99.868170	30302	10	19	11
c05adff9-07df-4b1a-9403-c2b61af8d387	4665	4695	30	34.009861	33.509265	-0.500595	0	62	0.0132055378	98.679446	98.682813	4645	8	42	12
c08b108b-d294-4049-bc4c-6375dab167b9	6729	6722	-7	39.700253	39.461321	-0.238932	0	29	0.0043097043	99.569030	99.569414	6706	10	6	13
c0b3164e-ccf7-46c6-bad3-809b99c857a8	286	286	0	27.958042	27.779720	-0.178322	0	1	0.0034965035	99.650350	99.650350	285	1	0	0
c14c531c-3fb7-4d7c-aa4e-cf05d54cf0d9	248	250	2	20.995968	20.936000	-0.059968	0	10	0.0400000000	96.000000	96.031746	242	4	4	2
c28b596e-2c9a-43cb-bbdc-e592cb34e871	287	287	0	37.052265	37.306620	0.254355	1	0	0.0000000000	100.000000	100.000000	287	0	0	0
c2ba6eb6-957f-4396-9dc4-ddf98151c504	5303	5299	-4	40.735621	40.672391	-0.063230	0	10	0.0018857251	99.811427	99.811463	5294	4	1	5
c323fcfc-9e34-46ac-adc2-872a049f38be	6082	6080	-2	30.207991	30.021875	-0.186116	0	45	0.0073988819	99.260112	99.261690	6050	17	13	15
c3b3c04b-3f67-4de1-8c30-c118777ec526	4383	4388	5	38.452886	38.368733	-0.084153	0	14	0.0031905196	99.680948	99.681093	4376	5	7	2
c419f3f2-2e8d-46c8-bf97-d3a223e3ae0f	35695	35697	2	41.277322	41.179315	-0.098007	0	37	0.0010365017	99.896350	99.896390	35674	7	16	14
c49103b0-1be1-494b-b72b-79a6dab6e5f2	4196	4190	-6	40.911106	40.968019	0.056913	0	18	0.0042897998	99.571020	99.571531	4183	2	5	11
c4b7ee04-bdcf-493c-8d0c-a8782ea3734d	3903	3908	5	34.659236	34.313204	-0.346033	0	38	0.0097236438	99.027636	99.030612	3882	9	17	12
c4c0ac00-1cf2-4d77-a0be-6b2a6f413f1a	7468	7462	-6	33.218399	33.105736	-0.112663	0	52	0.0069630423	99.303696	99.305092	7431	16	15	21
c4f8fc39-5e9d-4ccf-9097-dc7902dea260	5692	5698	6	35.233134	34.973499	-0.259635	0	10	0.0017550018	99.824500	99.824531	5689	2	7	1
c4ff35db-27f5-4e37-89d7-635a952e69ca	4554	4506	-48	37.214756	37.424989	0.210233	0	57	0.0125164690	98.748353	98.749177	4500	3	3	51
c53f102f-2781-476c-9836-4325c69f8740	13925	14109	184	37.778312	37.252038	-0.526275	0	473	0.0335247005	96.647530	96.649430	13644	273	192	8
c546524d-723f-4b9a-bf7c-3da47bf478da	12826	12823	-3	39.577889	39.454184	-0.123705	0	30	0.0023389989	99.766100	99.766209	12802	15	6	9
c5a68119-5381-4e88-bf95-5e32a30b0c2e	533	533	0	37.767355	37.356473	-0.410882	0	6	0.0112570356	98.874296	98.880597	530	0	3	3
c5f67187-c49c-463f-a263-9aa1b058349e	5356	5347	-9	32.993839	33.029736	0.035898	0	66	0.0123226288	98.767737	98.773234	5314	9	24	33
c66520b0-ff2a-4437-a215-de1c6ecb4516	4356	4356	0	38.194444	38.231405	0.036961	0	1	0.0002295684	99.977043	99.977043	4355	1	0	0
c6773aea-cb36-4202-85fb-bed5ecc9634e	1551	1553	2	33.639587	33.418545	-0.221043	0	10	0.0064391500	99.356085	99.357326	1546	2	5	3
c71b01d1-1927-4684-809a-f7a67f781add	5961	5963	2	38.495387	38.432165	-0.063222	0	6	0.0010062049	99.899380	99.899413	5959	0	4	2
c72d9e48-0160-4a4f-8fac-8e693cb139b8	907	906	-1	22.836825	22.455850	-0.380975	0	13	0.0143329658	98.566703	98.572997	898	4	4	5
c73acd08-9965-4c74-bea6-e51bf4c2aa08	9529	8293	-1236	30.165390	34.118775	3.953385	0	1411	0.1480742995	85.192570	85.195677	8120	171	2	1238
c7a446af-8a57-4bcc-9745-f04da35285a1	927	930	3	28.341963	27.837634	-0.504329	0	10	0.0107526882	98.924731	98.924731	920	7	3	0
c9609967-510f-41dc-a571-cf9443a7ff0c	5976	5974	-2	40.157798	40.020924	-0.136874	0	9	0.0015060241	99.849398	99.849473	5970	1	3	5
c9885474-b88d-4f95-b651-fbbc05ffa8fc	3411	3451	40	30.931105	30.539264	-0.391841	0	62	0.0179658070	98.203419	98.207574	3397	6	48	8
c9dd9e64-1c45-42e5-9daa-a4b672c63100	5929	5932	3	36.834373	36.810351	-0.024023	0	11	0.0018543493	99.814565	99.814628	5923	4	5	2
ca0a4d63-6b7a-4961-8a92-41b2ab759a56	3660	3694	34	36.081421	35.518679	-0.562742	0	49	0.0132647537	98.673525	98.675318	3650	5	39	5
ca4ce988-7a18-44b0-926e-448a1a7daac6	7870	7872	2	38.932910	38.782012	-0.150898	0	26	0.0033028455	99.669715	99.670051	7854	8	10	8
ca555a8a-9627-4b34-905c-983acbcb3c05	3803	3843	40	35.256114	34.677335	-0.578778	0	74	0.0192557897	98.074421	98.078920	3778	16	49	9
ca5d2752-cad1-4a8f-9ed7-851d14185049	6370	6347	-23	38.590424	38.376398	-0.214026	0	32	0.0050235479	99.497645	99.497882	6341	3	3	26
ca6be127-2418-4ca2-b770-f94af2dcc5ab	797	797	0	33.937265	33.511920	-0.425345	1	0	0.0000000000	100.000000	100.000000	797	0	0	0
ca864b16-25e9-47d4-92a7-b083a42bb179	22018	22012	-6	39.023708	38.984236	-0.039472	0	78	0.0035425561	99.645744	99.646146	21965	22	25	31
caf01feb-b78b-46a2-bc38-fc16501d9622	4927	4924	-3	38.673432	38.816206	0.142774	0	22	0.0044651918	99.553481	99.554114	4912	5	7	10
cb132e2a-c632-4bbd-bfee-21abc95e233c	3772	3777	5	37.376988	37.245962	-0.131026	0	11	0.0029123643	99.708764	99.708841	3767	4	6	1
cb1fe173-1c96-4188-8384-34b36490282c	2597	2581	-16	35.760493	36.014723	0.254230	0	18	0.0069310743	99.306893	99.306893	2579	2	0	16
cc481fa0-3817-45f7-a2b4-1e95eed9c2ab	535	537	2	36.938318	36.500931	-0.437387	0	3	0.0055865922	99.441341	99.441341	534	1	2	0
cc706f71-403a-42c9-ac2d-b51bad7dd574	205	205	0	25.341463	24.756098	-0.585366	0	2	0.0097560976	99.024390	99.029126	204	0	1	1
cc72b9db-b83b-4b5d-a6a7-def54244db94	7983	7995	12	41.653013	41.404003	-0.249010	0	27	0.0033771107	99.662289	99.662373	7970	11	14	2
ccd4c78d-78ed-4b3b-a6a7-f7ab68bd7206	4267	4266	-1	38.748535	38.555087	-0.193449	0	6	0.0014061401	99.859386	99.859452	4263	1	2	3
cd0c47da-cc79-42c6-bd1b-cd7fbdec31da	5266	5279	13	39.725408	39.502747	-0.222662	0	19	0.0035991665	99.640083	99.640220	5262	2	15	2
cd2f57be-aff0-4cc0-a0e7-507895f448c2	5443	5451	8	40.716333	40.548890	-0.167443	0	13	0.0023848835	99.761512	99.761599	5440	1	10	2
cd321726-eac1-4c2b-806d-28dabb6e2816	45789	45795	6	40.026906	39.873414	-0.153492	0	89	0.0019434436	99.805656	99.805796	45739	17	39	33
cd491177-aa99-4b73-8fa7-b6d5b99d9f3f	31572	31577	5	40.450526	40.342559	-0.107966	0	45	0.0014250879	99.857491	99.857550	31545	14	18	13
cd926ab2-9190-4673-86e5-3bb7e1292de9	36484	36482	-2	40.401381	40.321145	-0.080237	0	64	0.0017541936	99.824581	99.824691	36443	16	23	25
cdad9c95-6595-491f-bbf1-4571b49321d8	7152	7152	0	30.544183	30.177153	-0.367030	0	14	0.0019574944	99.804251	99.804333	7141	8	3	3
cdced3d7-933a-4d90-b410-89cfe68205b6	9264	9257	-7	29.996762	29.758453	-0.238309	0	99	0.0106865285	98.931347	98.935140	9198	26	33	40
ce4fcdf6-75cf-4032-9d1b-d456d62b2843	4270	4271	1	40.162529	40.020838	-0.141691	0	7	0.0016389604	99.836104	99.836142	4265	4	2	1
ce7bb5d3-9973-45f9-b5e2-f11019c6f9d4	224	224	0	15.767857	16.250000	0.482143	0	11	0.0491071429	95.089286	95.132743	215	7	2	2
ceae5762-e0ea-4055-a996-d3387552e1af	313	314	1	29.313099	28.343949	-0.969150	0	3	0.0095541401	99.044586	99.044586	311	2	1	0
ced76404-74b8-4704-8d38-b8776ed844df	534	571	37	29.962547	28.292469	-1.670077	0	47	0.0823117338	91.768827	91.797557	526	6	39	2
cee7f75d-52a4-4677-b621-8720fb6aa81a	534	531	-3	37.192884	36.709981	-0.482903	0	9	0.0168539326	98.314607	98.317757	526	4	1	4
cf15ad56-86a4-4e82-a206-ceca4dbc84dc	702	702	0	39.381766	39.223647	-0.158120	1	0	0.0000000000	100.000000	100.000000	702	0	0	0
cf4b36c0-3dbc-447f-8817-66c40386dc0f	4661	4664	3	39.855181	39.373499	-0.481682	0	10	0.0021440823	99.785592	99.785730	4657	1	6	3
cf6b5f6a-a663-41c7-baa5-ae6d1601964a	1504	1502	-2	40.192819	40.459387	0.266568	0	5	0.0033244681	99.667553	99.667774	1500	1	1	3
cf7af7f7-0aad-45e1-aa4b-d8e89ff1b6bc	176	210	34	25.147727	21.252381	-3.895346	0	35	0.1666666667	83.333333	83.333333	175	1	34	0
cf940aa6-a082-4042-a56b-356d68d9f5a6	2064	2064	0	35.291667	35.439922	0.148256	0	27	0.0130813953	98.691860	98.696911	2045	11	8	8
cfa5bf19-4624-4b6a-8fcf-0de77cf13ca7	2555	2551	-4	39.196869	39.009408	-0.187461	0	6	0.0023483366	99.765166	99.765166	2549	2	0	4
cfc0baf5-742a-4403-a39d-bc1d948e228f	1962	1961	-1	39.584608	39.686894	0.102287	0	4	0.0020387360	99.796126	99.796126	1958	3	0	1
d0096d12-3b6f-4370-9642-0aa78718c604	3180	3179	-1	34.185535	34.136521	-0.049014	0	19	0.0059748428	99.402516	99.404015	3169	2	8	9
d0128677-b00c-484a-8a24-061220ec65a8	1229	1228	-1	25.981286	25.907166	-0.074119	0	18	0.0146460537	98.535395	98.542510	1217	5	6	7
d063c753-4be1-4d7d-880a-59c1dc42ee19	9197	9191	-6	39.846689	39.980960	0.134270	0	16	0.0017396977	99.826030	99.826087	9184	4	3	9
d17a9596-fbdd-4527-b789-4d2ea2780774	323	289	-34	32.232198	35.501730	3.269532	0	34	0.1052631579	89.473684	89.473684	289	0	0	34
d186790a-0485-48e5-999f-4027be6c5608	4451	4455	4	40.129184	40.032997	-0.096188	0	19	0.0042648709	99.573513	99.574087	4442	3	10	6
d1a15e3a-6446-411e-a078-822d0b7e95da	4715	4718	3	39.110286	38.954642	-0.155645	0	13	0.0027554048	99.724460	99.724693	4709	2	7	4
d27d16af-91fb-43aa-8095-586b43e25202	2018	2017	-1	35.885035	36.044125	0.159090	0	5	0.0024777007	99.752230	99.752475	2015	0	2	3
d2f494d4-b5ff-451e-b93b-85aa45be308f	420	409	-11	2.514286	1.921760	-0.592525	0	74	0.1761904762	82.380952	82.380952	346	63	0	11
d300d721-e32a-4112-aa53-dc9e02deabd9	14194	14198	4	37.236720	37.099944	-0.136776	0	64	0.0045076771	99.549232	99.549803	14152	24	22	18
d3706151-40c4-4980-ac58-af292acd1d21	11260	11293	33	29.285258	29.033915	-0.251343	0	166	0.0146993713	98.530063	98.536284	11175	37	81	48
d3ae8346-3062-456a-9bc7-0563ae1f4e41	361	361	0	27.540166	28.069252	0.529086	0	1	0.0027700831	99.722992	99.722992	360	1	0	0
d3c75ad2-58bd-491f-b6f2-412349f6deda	361	361	0	2.941828	2.404432	-0.537396	0	6	0.0166204986	98.337950	98.337950	355	6	0	0
d3e43c3e-2ab6-4ea7-9f60-72432b585c5b	289	291	2	32.038062	31.955326	-0.082736	0	4	0.0137457045	98.625430	98.625430	287	2	2	0
d4c3da91-0e97-4643-910b-71a6e0644647	5179	5179	0	39.843213	39.668276	-0.174937	0	16	0.0030893995	99.691060	99.691418	5169	4	6	6
d4f0b017-4fbd-4869-915c-d32b945af30a	1439	1444	5	38.586518	38.432825	-0.153693	0	10	0.0069252078	99.307479	99.308437	1436	1	7	2
d5086e3d-9854-4367-9b4c-91d4754c3c42	1692	1692	0	41.914303	41.758865	-0.155437	0	1	0.0005910165	99.940898	99.940898	1691	1	0	0
d52ec513-151f-4022-a984-3144ad8d9bbe	5952	5943	-9	37.713206	37.667340	-0.045866	0	38	0.0063844086	99.361559	99.363057	5928	1	14	23
d54c3a5d-3ac9-41d8-a363-90bd0cdf5e51	4357	4376	19	36.013082	35.740174	-0.272909	0	26	0.0059414991	99.405850	99.405986	4351	5	20	1
d5c186ef-ab87-4a4b-9718-0c12503cadd4	963	965	2	35.190031	35.358549	0.168518	0	6	0.0062176166	99.378238	99.378238	959	4	2	0
d6f70497-8072-482d-9b81-2fbd618d6132	455	451	-4	24.852747	24.696231	-0.156517	0	5	0.0109890110	98.901099	98.901099	450	1	0	4
d705f04a-13d3-406d-908c-dc49671c0988	244	244	0	22.258197	22.840164	0.581967	0	2	0.0081967213	99.180328	99.183673	243	0	1	1
d7d27e41-0610-4bc0-9b9c-e5862129eb21	7492	7487	-5	32.939669	32.617337	-0.322332	0	66	0.0088093967	99.119060	99.121406	7446	21	20	25
d7f6a9f9-1bb1-4c1c-a68f-860d16a4bef4	1342	1342	0	41.137854	41.126677	-0.011177	1	0	0.0000000000	100.000000	100.000000	1342	0	0	0
d80885f2-76b2-41a0-923d-3efeca3fa75a	2286	2295	9	25.889326	25.766449	-0.122878	0	51	0.0222222222	97.777778	97.790295	2257	16	22	13
d846cfcd-f95e-4823-9bb0-b9da2270f1f0	4447	4441	-6	32.901732	32.830444	-0.071288	0	31	0.0069709917	99.302901	99.304309	4425	7	9	15
d86441f8-3ab4-45cc-9ff9-e0f65ba3b611	25115	25112	-3	38.186024	38.047149	-0.138876	0	71	0.0028269958	99.717300	99.717570	25068	20	24	27
d87ce77e-cc72-4d62-94e3-2b105c9982fa	6709	6715	6	38.614399	38.807893	0.193494	0	10	0.0014892033	99.851080	99.851124	6707	0	8	2
d883c77c-a475-423d-9e06-11cd93e814d1	493	492	-1	23.929006	23.680894	-0.248112	0	1	0.0020283976	99.797160	99.797160	492	0	0	1
d8a82020-ffeb-4570-a701-c94aa2093bc7	353	356	3	25.872521	25.646067	-0.226454	0	16	0.0449438202	95.505618	95.580110	346	1	9	6
d8d16938-538f-4121-8bd8-d25c1edcfd9a	2443	2437	-6	33.071633	32.850636	-0.220997	0	53	0.0216946377	97.830536	97.845528	2407	13	17	23
d9952ccb-6444-44f8-a331-3bbd4b5c9693	2402	2402	0	37.528726	37.566611	0.037885	0	13	0.0054121565	99.458784	99.459684	2393	5	4	4
d9ac997a-443e-4de6-a0f5-a093569bb22a	2781	2783	2	38.235167	38.136184	-0.098983	0	10	0.0035932447	99.640676	99.640805	2774	6	3	1
d9e96570-f3f6-4443-92c3-d4da05dbae87	2627	2629	2	32.879711	32.593382	-0.286329	0	29	0.0110308102	98.896919	98.901515	2611	5	13	11
da8bc239-a8a0-4e26-9696-76f60053a90a	31181	31181	0	40.282448	40.104583	-0.177865	0	51	0.0016356114	99.836439	99.836554	31152	7	22	22
dab4a681-d703-4de2-8a7e-f50f445e8095	2428	2430	2	36.090198	35.976132	-0.114066	0	20	0.0082304527	99.176955	99.178645	2415	8	7	5
dace13b9-e797-4d86-9176-27a1411b8208	6840	6841	1	38.984211	39.092969	0.108758	0	24	0.0035082590	99.649174	99.649635	6826	5	10	9
dacf62b1-7ffa-48ac-92f9-f7aa0847fc8d	11965	11961	-4	37.990807	37.840314	-0.150492	0	118	0.0098620978	99.013790	99.016831	11884	40	37	41
db15f56a-d5ad-4070-bc71-2dcfd5373047	2123	2120	-3	35.344324	35.341981	-0.002343	0	11	0.0051813472	99.481865	99.482109	2113	6	1	4
db544882-429c-445d-a261-fc5c6cec9928	10306	10299	-7	38.418688	38.453830	0.035142	0	37	0.0035901417	99.640986	99.641334	10279	10	10	17
dbb83b1b-3deb-4026-9352-dd15e336a8c4	2547	2508	-39	32.424421	33.561404	1.136983	0	52	0.0204161759	97.958382	97.962382	2500	3	5	44
dc7c93b6-bb22-4515-948c-41b6ca503cb1	4073	4069	-4	39.826172	39.781273	-0.044899	0	17	0.0041738276	99.582617	99.582822	4058	9	2	6
dcfbab49-ad7e-4e9f-9942-b5f571f2b26d	313	311	-2	30.246006	29.292605	-0.953402	0	5	0.0159744409	98.402556	98.402556	308	3	0	2
dd7cae3e-9b89-44a9-be81-6abf078e8383	2353	2345	-8	21.335742	21.203412	-0.132330	0	68	0.0288992775	97.110072	97.135636	2306	18	21	29
dd96dd14-1070-4324-b4ea-91dd84f6a0a2	420	373	-47	2.471429	2.053619	-0.417809	0	88	0.2095238095	79.047619	79.047619	332	41	0	47
ddb74372-94d7-4e26-8a2e-b74b7308a678	28117	28126	9	38.406373	38.397141	-0.009232	0	87	0.0030932234	99.690678	99.690930	28062	32	32	23
ddf40097-cff3-4a6b-95ee-d4e9c6236485	382	383	1	27.091623	28.133159	1.041536	0	2	0.0052219321	99.477807	99.477807	381	1	1	0
ddf50df6-1bd8-4cbf-9bf1-a4de46de3cf0	986	981	-5	37.583164	37.479103	-0.104061	0	7	0.0070993915	99.290061	99.290780	980	0	1	6
de56368b-4986-4243-aa05-82822aa6d343	2840	2837	-3	39.264085	39.039831	-0.224254	0	9	0.0031690141	99.683099	99.683210	2832	4	1	4
decddece-c39b-4247-9488-50fc35b1503d	3744	3775	31	34.149573	33.872583	-0.276990	0	41	0.0108609272	98.913907	98.915057	3738	2	35	4
df29e470-69ce-4e89-ac70-8214ecbd24a6	4728	4719	-9	25.546108	25.367663	-0.178446	0	59	0.0124788494	98.752115	98.756062	4684	20	15	24
df928133-1ef7-4f84-a744-88a4cffe2bac	2888	2909	21	28.575139	27.357511	-1.217627	0	37	0.0127191475	98.728085	98.729832	2876	8	25	4
e0451a3b-5f4d-44db-b5bf-2380c1c1dcb1	1249	1256	7	37.542834	37.097930	-0.444904	0	9	0.0071656051	99.283439	99.283439	1247	2	7	0
e096fff2-c31a-45de-8c69-3902abd11504	12469	12457	-12	37.539819	37.492334	-0.047485	0	71	0.0056941214	99.430588	99.431409	12416	23	18	30
e0cabd7c-47f0-4876-bdff-e1e3c9553aff	308	305	-3	29.262987	30.868852	1.605865	0	5	0.0162337662	98.376623	98.376623	303	2	0	3
e13a385b-a934-4fc1-96be-73df038f7468	2717	2716	-1	40.562017	40.553756	-0.008261	0	4	0.0014722120	99.852779	99.852833	2714	1	1	2
e15f5415-dc3a-4bc0-a03e-276644188ea0	278	278	0	30.611511	32.359712	1.748201	1	0	0.0000000000	100.000000	100.000000	278	0	0	0
e175ff6f-1cd6-44c9-abc5-50d4f1c0e30d	702	702	0	34.039886	33.981481	-0.058405	0	5	0.0071225071	99.287749	99.289773	699	1	2	2
e2396d3b-5203-4a91-9894-88537ad32733	2746	2746	0	40.619811	40.728332	0.108521	0	4	0.0014566642	99.854334	99.854387	2743	2	1	1
e2430a60-58da-4a71-96be-5d26288f3dde	3933	3943	10	26.963132	26.779863	-0.183269	0	54	0.0136951560	98.630484	98.636708	3907	8	28	18
e29b7c7f-4093-4d0a-a26a-65ee4333e410	320	318	-2	27.737500	28.053459	0.315959	0	7	0.0218750000	97.812500	97.826087	315	1	2	4
e3a418a8-3c4a-431b-931a-0db303bf292c	2842	2840	-2	35.756861	35.533099	-0.223763	0	9	0.0031667840	99.683322	99.683544	2835	3	2	4
e40f4efa-fc2f-4f59-9037-380be7f19d04	3658	3655	-3	39.593494	39.430917	-0.162577	0	8	0.0021869874	99.781301	99.781361	3651	3	1	4
e426ad79-118e-412d-b97f-a786324e48e0	2061	2057	-4	37.623969	37.489548	-0.134421	0	9	0.0043668122	99.563319	99.563319	2052	5	0	4
e4992d71-63c2-4e4b-b13e-85c2555116f9	3364	3362	-2	38.433115	38.498810	0.065695	0	12	0.0035671819	99.643282	99.643494	3354	6	2	4
e4c2cdde-a9d6-4297-bb11-a120b8cc6127	549	547	-2	32.142077	32.270567	0.128490	0	3	0.0054644809	99.453552	99.453552	546	1	0	2
e50ab355-c31f-465b-b6da-0a27f907177e	1815	1816	1	34.872176	34.868943	-0.003234	0	8	0.0044052863	99.559471	99.559956	1810	3	3	2
e5605548-7245-44a1-9227-1f675c226155	6307	6318	11	33.713176	33.511713	-0.201463	0	29	0.0045900601	99.540994	99.541212	6292	12	14	3
e58c634d-98d1-49c6-b0aa-e007fc94d045	4261	4273	12	31.318000	31.213433	-0.104567	0	39	0.0091270770	99.087292	99.088785	4241	13	19	7
e5d0010c-cc5e-46e7-a98f-c7e105c0030d	1233	1233	0	38.074615	37.567721	-0.506894	0	1	0.0008110300	99.918897	99.918897	1232	1	0	0
e6a0e881-dccf-4261-ba3c-648b09449e16	9233	8026	-1207	32.849561	36.280339	3.430778	0	1226	0.1327845771	86.721542	86.725855	8010	13	3	1210
e6a7a107-f4a4-4aeb-84f5-d5874d4bdb40	9018	9014	-4	40.504436	40.422898	-0.081538	0	20	0.0022177866	99.778221	99.778369	9004	4	6	10
e6cb66b9-15d5-40bd-8561-ff4b8cde552c	1833	1833	0	34.893071	34.722859	-0.170213	1	0	0.0000000000	100.000000	100.000000	1833	0	0	0
e7448bfc-10e9-48f4-ad27-bc064813a6fc	1892	1892	0	42.247357	42.099366	-0.147992	0	1	0.0005285412	99.947146	99.947146	1891	1	0	0
e74b6612-7ad6-4e3d-9d05-824d3a212029	1882	1890	8	24.168969	23.859788	-0.309181	0	36	0.0190476190	98.095238	98.102267	1861	14	15	7
e7e2acfb-4920-4418-899d-8b1fa615197b	3771	3793	22	35.382657	34.968890	-0.413767	0	60	0.0158186132	98.418139	98.418556	3734	36	23	1
e7f1786c-4944-46a5-91c5-b19a8bf04f74	615	613	-2	35.533333	35.491028	-0.042306	0	3	0.0048780488	99.512195	99.512195	612	1	0	2
e8053194-cf3f-48e3-8b44-9484713d37de	1044	1043	-1	39.972222	40.139981	0.167759	0	2	0.0019157088	99.808429	99.808429	1042	1	0	1
e8f3608d-b8b8-4d94-bc84-2e13ad5bffae	1911	1920	9	37.379906	37.260937	-0.118968	0	19	0.0098958333	99.010417	99.011446	1903	6	11	2
e92e4b73-6f1d-4eeb-9061-4479a219c761	5682	5711	29	34.035551	33.809315	-0.226236	0	51	0.0089301348	99.106987	99.107924	5666	10	35	6
e9670ed7-a851-4fb4-aae3-cd9b297c7b1a	224	223	-1	32.857143	33.757848	0.900705	0	1	0.0044642857	99.553571	99.553571	223	0	0	1
e9743ef4-98f9-4d20-99e1-364948235ca2	27798	27778	-20	33.776495	33.716898	-0.059596	0	217	0.0078063170	99.219368	99.221357	27652	55	71	91
e975fd7b-15c1-411c-8170-dc8be3498a29	35571	35564	-7	36.664390	36.518896	-0.145494	0	154	0.0043293694	99.567063	99.567695	35469	43	52	59
e97cd842-0c12-436f-ae8f-de2b1e142ccb	725	726	1	38.100690	37.736915	-0.363775	0	4	0.0055096419	99.449036	99.449036	722	3	1	0
e98f8795-1965-4794-9e31-f6f0454cd1e4	2858	2862	4	39.102169	38.984976	-0.117194	0	4	0.0013976240	99.860238	99.860238	2858	0	4	0
ea79cdac-b0a7-42b8-bd31-20ff809a9b70	3019	3017	-2	36.131169	35.865429	-0.265740	0	15	0.0049685326	99.503147	99.503640	3007	7	3	5
ead92eaf-5b49-4687-8362-084aed4fc5da	7138	7137	-1	40.559681	40.319602	-0.240079	0	7	0.0009806669	99.901933	99.901947	7132	4	1	2
eade3458-4f0e-438d-8e48-6da392b429c4	1111	1105	-6	35.453645	35.723982	0.270337	0	8	0.0072007201	99.279928	99.279928	1103	2	0	6
eb79bd63-3ed7-4eed-8f29-49e70bb0b96b	853	853	0	28.271981	28.407972	0.135991	1	0	0.0000000000	100.000000	100.000000	853	0	0	0
ebc46268-85f8-4db0-bed0-fc078466b21c	6336	6335	-1	39.586806	39.360063	-0.226742	0	12	0.0018939394	99.810606	99.810696	6327	5	3	4
ec095192-af2c-4513-942d-6739c88b4ef3	7714	7713	-1	39.015686	38.745235	-0.270450	0	28	0.0036297641	99.637024	99.637447	7695	9	9	10
ec2dafe1-ebb5-44c9-8137-fd4528224058	4255	4256	1	39.091422	39.190085	0.098663	0	1	0.0002349624	99.976504	99.976504	4255	0	1	0
ec3a72e9-d904-4c62-88c5-501b3078026a	7571	7572	1	37.023511	36.843767	-0.179744	0	20	0.0026413101	99.735869	99.736078	7558	7	7	6
ec53afcc-0df0-4f90-9f1d-5e6e5384a621	643	651	8	22.603421	22.801843	0.198422	0	19	0.0291858679	97.081413	97.085890	633	9	9	1
ec717b12-3bcc-418a-8651-d1495ec62ec7	267	262	-5	23.280899	22.324427	-0.956471	0	5	0.0187265918	98.127341	98.127341	262	0	0	5
ecb127ef-8ec8-4f0b-a585-ecf5a7af5f0b	1027	1027	0	37.190847	37.084713	-0.106134	0	5	0.0048685492	99.513145	99.514091	1024	1	2	2
ecb13e8c-e32e-4464-b5a0-4ba1c26d6341	16618	16635	17	27.215790	27.028434	-0.187356	0	159	0.0095581605	99.044184	99.046991	16525	44	66	49
ed3b7813-704d-4c20-a653-d72df4b2d6fb	245	248	3	37.204082	36.225806	-0.978275	0	8	0.0322580645	96.774194	96.800000	242	1	5	2
ed8fb170-f099-41a6-abb7-11095b00fb03	2437	2467	30	41.324169	40.765302	-0.558867	0	32	0.0129712201	98.702878	98.703404	2436	0	31	1
ee150523-1323-4d8a-bb2e-e088d796c1bd	3178	3183	5	33.116425	33.418787	0.302362	0	52	0.0163367892	98.366321	98.372457	3143	23	17	12
ee1ee991-1752-4cbf-ac7d-df82b5063d4e	2248	2248	0	36.748221	36.603203	-0.145018	0	10	0.0044483986	99.555160	99.556147	2243	0	5	5
ee393361-9081-47aa-9b34-99fd862b3337	378	378	0	42.158730	41.896825	-0.261905	1	0	0.0000000000	100.000000	100.000000	378	0	0	0
ee842a20-739d-441c-b179-65807a9d3660	2344	2346	2	39.409556	39.145780	-0.263776	0	6	0.0025575448	99.744246	99.744354	2341	2	3	1
eea01e6a-65a7-43d0-9344-11c0303b56b2	242	242	0	34.376033	33.925620	-0.450413	1	0	0.0000000000	100.000000	100.000000	242	0	0	0
eeb23d63-52e1-444e-9ae0-1e3b87a4ef6e	8064	8059	-5	40.158606	40.040328	-0.118279	0	16	0.0019841270	99.801587	99.801710	8053	1	5	10
eee30ac6-556a-4bfd-921b-41bbd39f24a7	19304	19317	13	33.547555	33.389450	-0.158105	0	132	0.0068333592	99.316664	99.317970	19222	45	50	37
ef60a169-73bc-49a4-97b2-c090b1dbec86	572	572	0	32.550699	32.194056	-0.356643	0	9	0.0157342657	98.426573	98.437500	567	1	4	4
ef6d43ac-5a8e-4df2-8f40-68c96b430e41	982	981	-1	35.845214	35.886850	0.041636	0	7	0.0071283096	99.287169	99.287894	976	4	1	2
f0233347-7273-4713-bdf0-18981b27ea88	503	504	1	37.524851	37.615079	0.090228	0	1	0.0019841270	99.801587	99.801587	503	0	1	0
f096a6ed-bc36-4f23-ab01-4de4666e5456	318	318	0	24.506289	24.701258	0.194969	0	1	0.0031446541	99.685535	99.685535	317	1	0	0
f0b47b5f-ddfe-4bb0-a12b-2bc6091b715a	4179	4178	-1	39.016750	38.807563	-0.209187	0	9	0.0021536253	99.784637	99.784843	4174	0	4	5
f0f63423-0de6-434a-a7f7-e7befab14f93	10658	10653	-5	40.017921	39.983385	-0.034536	0	22	0.0020641771	99.793582	99.793698	10642	5	6	11
f1b669d7-a4ca-41cd-8659-f8ba173cfb22	2248	2249	1	37.880783	38.066696	0.185913	0	4	0.0017785683	99.822143	99.822222	2246	1	2	1
f27e2cd4-0f1e-4b72-b3dd-d91e8369a65b	2253	2250	-3	37.581447	37.443556	-0.137891	0	3	0.0013315579	99.866844	99.866844	2250	0	0	3
f2841835-7659-44f2-9c33-e0553afb4f68	253	250	-3	28.754941	29.484000	0.729059	0	3	0.0118577075	98.814229	98.814229	250	0	0	3
f2bde51e-6b88-4355-90d6-ad4cd601c1c9	370	328	-42	2.345946	1.460366	-0.885580	0	370	1.0000000000	0.000000	0.000000	0	328	0	42
f2cc8024-bf8e-41d6-b692-e2fad4d74ab5	1193	1195	2	41.409053	40.939749	-0.469304	0	2	0.0016736402	99.832636	99.832636	1193	0	2	0
f2f19a36-a6e7-4a94-8932-76b53e7abb63	9330	9330	0	39.772776	39.576206	-0.196570	0	37	0.0039657020	99.603430	99.604109	9309	5	16	16
f2ffc771-72e4-4d4d-b62c-d4feda6ff61d	3058	3058	0	39.699150	39.773054	0.073905	1	0	0.0000000000	100.000000	100.000000	3058	0	0	0
f43a88c2-a908-4902-a1ab-906fbde3ab6a	6589	6599	10	35.771285	35.395514	-0.375771	0	44	0.0066676769	99.333232	99.334140	6564	16	19	9
f47329ae-4444-449f-ac3a-d5c9d17010cb	359	361	2	29.242340	29.232687	-0.009653	0	2	0.0055401662	99.445983	99.445983	359	0	2	0
f47c518f-df49-4c6b-9129-a0646c018aaf	7858	7855	-3	41.923136	41.863272	-0.059864	0	18	0.0022906592	99.770934	99.771109	7846	3	6	9
f47d1842-9880-4e83-a8ca-e8cb8c16622b	2221	2220	-1	39.462404	39.611712	0.149307	0	3	0.0013507429	99.864926	99.864986	2219	0	1	2
f4adc272-3371-46b7-b3dd-b1dfafacade0	406	407	1	24.330049	24.125307	-0.204742	0	1	0.0024570025	99.754300	99.754300	406	0	1	0
f4bc572f-ce2d-4cca-ad56-5039de47036c	3179	3183	4	37.142812	37.059692	-0.083120	0	13	0.0040841973	99.591580	99.591965	3173	3	7	3
f4c00529-0314-4348-9eab-5ae9b93470ea	1149	1132	-17	30.421236	30.035336	-0.385900	0	140	0.1218450827	87.815492	87.826087	1010	121	1	18
f500396f-7083-44ad-9409-ce8fff8af6f7	1283	1287	4	20.568979	20.737374	0.168395	0	22	0.0170940171	98.290598	98.297214	1270	8	9	5
f501e94a-3028-4031-83ed-7cbed53e125d	1301	1303	2	36.015373	36.283193	0.267820	0	4	0.0030698388	99.693016	99.693252	1300	0	3	1
f50ea959-7ecd-4234-8324-31249bab5b03	7932	7927	-5	29.017524	28.912577	-0.104947	0	65	0.0081946546	99.180535	99.182493	7886	22	19	24
f5556078-c1a8-47da-8b8b-bcd81b35d587	3872	3874	2	35.762913	35.694889	-0.068024	0	35	0.0090345896	99.096541	99.098867	3849	13	12	10
f564f84f-e0bc-4eef-adf3-34883374512e	7193	7185	-8	38.760044	38.708977	-0.051067	0	34	0.0047268177	99.527318	99.527974	7169	6	10	18
f579294f-10a9-496e-be5e-5be3b0662657	50089	50130	41	36.750165	36.588290	-0.161874	0	247	0.0049271893	99.507281	99.508037	49960	52	118	77
f677e898-b23d-48d0-a874-d3b68ef67972	518	517	-1	35.619691	34.878143	-0.741548	0	1	0.0019305019	99.806950	99.806950	517	0	0	1
f6963a9a-e245-457d-83ec-d9d6110f4400	4417	4423	6	28.111614	27.290527	-0.821087	0	59	0.0133393624	98.666064	98.670872	4380	21	22	16
f722a4e1-274d-4934-a200-0a0704b2683c	5619	5613	-6	39.835380	39.661144	-0.174236	0	20	0.0035593522	99.644065	99.644381	5604	4	5	11
f79395f6-afc2-4398-b3c9-a96b6be4cc31	1009	1011	2	27.696729	27.141444	-0.555285	0	17	0.0168150346	98.318497	98.326772	999	5	7	5
f7ab6332-0e2c-4ed3-a83e-42022041f8e0	1998	1992	-6	38.497497	38.500000	0.002503	0	7	0.0035035035	99.649650	99.649650	1991	1	0	6
f7f3d0af-591e-48f5-aa70-2fc860178ccb	1730	1727	-3	38.942775	38.790967	-0.151808	0	7	0.0040462428	99.595376	99.595609	1724	2	1	4
f802bae7-2e94-4ea1-be11-4c50af65b363	1689	1683	-6	15.970397	16.002377	0.031980	0	45	0.0266429840	97.335702	97.351383	1654	19	10	16
f806617d-38a6-418e-bfff-2c6d75dc9c45	1686	1684	-2	34.544484	34.160926	-0.383558	0	16	0.0094899170	99.051008	99.053254	1674	6	4	6
f82b2ac4-5007-4ac7-80f4-595165b52f9d	1261	1262	1	33.896907	33.459588	-0.437319	0	8	0.0063391442	99.366086	99.367089	1256	3	3	2
f84e3b1d-f0af-4169-bd38-9f1e574370aa	266	265	-1	39.492481	40.083019	0.590538	0	1	0.0037593985	99.624060	99.624060	265	0	0	1
f867282c-fdf6-4bf8-bc34-9ad3387f5c22	280	275	-5	26.339286	26.705455	0.366169	0	13	0.0464285714	95.357143	95.406360	270	2	3	8
f8938129-4431-4747-be8d-53fca8e0d080	287	287	0	30.972125	29.794425	-1.177700	1	0	0.0000000000	100.000000	100.000000	287	0	0	0
f8bc0bad-df14-4d9a-ba95-54296e56aa5f	504	503	-1	37.942460	38.157058	0.214597	0	1	0.0019841270	99.801587	99.801587	503	0	0	1
f8c8487f-39c7-46a6-919e-2efe6b963847	24988	24975	-13	33.318473	33.252052	-0.066421	0	218	0.0087241876	99.127581	99.129706	24831	83	61	74
f8ea0aca-4836-4a27-822a-0308721a3fe4	294	292	-2	34.391156	34.075342	-0.315814	0	2	0.0068027211	99.319728	99.319728	292	0	0	2
f96a8c79-1ce3-4104-8b50-332b3862bea4	11093	11099	6	38.442081	38.370574	-0.071507	0	46	0.0041445175	99.585548	99.586108	11068	10	21	15
f9857bf0-af55-48c2-8e91-4371ac52ea3f	336	335	-1	38.232143	37.794030	-0.438113	0	2	0.0059523810	99.404762	99.404762	334	1	0	1
f9a27546-48ea-40f2-ad9d-4a3f407791be	2318	2309	-9	31.525884	31.284106	-0.241779	0	30	0.0129421915	98.705781	98.710232	2296	5	8	17
f9a6d135-11af-43e2-abb4-6c4dc84118f6	393	393	0	34.562341	34.600509	0.038168	0	4	0.0101781170	98.982188	98.984772	390	2	1	1
f9c783f0-c8db-4155-b49e-1970a52cd5fa	3698	3689	-9	36.100865	35.644619	-0.456246	0	23	0.0062195782	99.378042	99.378546	3678	8	3	12
fb1194cf-9561-45de-bff1-3bff8be62e88	2508	2501	-7	30.353270	30.243902	-0.109367	0	27	0.0107655502	98.923445	98.926014	2487	8	6	13
fb601d87-8e43-420e-be9f-da2bd0c9f851	2832	2828	-4	33.862994	33.467822	-0.395173	0	21	0.0074152542	99.258475	99.259781	2816	7	5	9
fb7500d6-49b4-49ad-a5a0-724857f63091	3171	3174	3	21.318196	21.039067	-0.279129	0	89	0.0280403277	97.195967	97.219619	3112	32	30	27
fb9c7110-a3c9-43aa-a5f7-fdb503de6ea8	7428	7444	16	36.273021	36.015046	-0.257975	0	64	0.0085975282	99.140247	99.140940	7386	36	22	6
fbacdac6-0dfc-4a66-beb0-beeb440372c7	4624	4613	-11	34.663495	34.639064	-0.024431	0	15	0.0032439446	99.675606	99.675606	4609	4	0	11
fbea57b7-c63f-44c0-a525-5c9cfb27ca28	8552	8552	0	33.772802	33.791160	0.018358	0	68	0.0079513564	99.204864	99.206812	8505	26	21	21
fbf2e76f-2695-4c46-bdfc-dc61b78c3ff1	1105	1105	0	40.654299	40.779186	0.124887	1	0	0.0000000000	100.000000	100.000000	1105	0	0	0
fc3a3775-cf18-4220-9d02-63bc0ef9e205	2672	2660	-12	35.450973	35.111654	-0.339319	0	39	0.0145958084	98.540419	98.544776	2641	11	8	20
fc95d114-7df1-4f1a-9fba-c4c4e9f7dc28	32817	32780	-37	23.564616	23.276815	-0.287801	0	549	0.0167291343	98.327087	98.335708	32438	172	170	207
fd24b9af-dd41-4e30-983a-f58a50bfc5f1	3719	3739	20	36.239043	35.654453	-0.584590	0	36	0.0096282428	99.037176	99.038718	3709	4	26	6
fd24d406-a4f5-4ce8-93ed-016fec97acd0	51198	51206	8	38.849037	38.725110	-0.123927	0	167	0.0032613366	99.673866	99.674248	51099	39	68	60
fd31fd10-b3f2-4fd2-99d9-91451c40453e	9125	9127	2	38.318685	38.288485	-0.030200	0	36	0.0039443410	99.605566	99.605998	9101	14	12	10
fd55eaca-e3c3-4e2f-b2b5-0ae28929f2c9	955	954	-1	36.946597	36.668763	-0.277834	0	1	0.0010471204	99.895288	99.895288	954	0	0	1
fd5a945d-8bfd-4faf-a4e9-2aaa0504ff06	5322	5326	4	41.713641	41.767555	0.053914	0	6	0.0011265490	99.887345	99.887345	5320	2	4	0
fd7047b0-7aae-4b3b-b871-5570cf17068c	3617	3617	0	39.540503	39.171413	-0.369090	0	13	0.0035941388	99.640586	99.640884	3607	7	3	3
fd84e58d-e2d1-45f3-9a88-48de1af6b308	3454	3464	10	25.888535	26.059180	0.170645	0	35	0.0101039261	98.989607	98.991935	3437	9	18	8
fe5b20c6-2d86-4dcc-9362-6fb7faa396d3	11036	11039	3	35.985411	35.573965	-0.411446	0	92	0.0083340882	99.166591	99.168399	10971	41	27	24
fe8bf289-b917-4a78-9ada-dea924235fcd	3960	3991	31	35.091919	34.883738	-0.208181	0	49	0.0122776247	98.772238	98.774387	3949	4	38	7
fea58a41-07e6-49db-8d5a-ba1e0f3c2a8f	303	354	51	2.792079	2.813559	0.021480	0	52	0.1468926554	85.310734	85.310734	302	1	51	0
feb95632-a3d4-4094-8ba0-53288f364c73	609	608	-1	39.064039	39.228618	0.164579	0	4	0.0065681445	99.343186	99.344262	606	1	1	2
fec5eae3-64dc-456c-893b-b8439053f542	488	486	-2	20.590164	20.242798	-0.347366	0	14	0.0286885246	97.131148	97.154472	478	4	4	6
fee64e11-ee86-4efe-9f7c-a3b9f0c80fc2	291	293	2	25.920962	24.542662	-1.378300	0	4	0.0136518771	98.634812	98.639456	290	0	3	1
feea6878-0743-406d-adaa-d25e1c788a2f	363	363	0	32.837466	32.071625	-0.765840	0	2	0.0055096419	99.449036	99.450549	362	0	1	1
ff1b6b35-1a04-4a55-99f8-79c01aa2c221	528	528	0	35.842803	35.693182	-0.149621	1	0	0.0000000000	100.000000	100.000000	528	0	0	0
ff4129ba-4c94-4992-b039-b868d5099923	3200	3198	-2	28.637812	28.440901	-0.196912	0	59	0.0184375000	98.156250	98.166563	3159	21	18	20
ff6697da-3982-45f7-be4e-8781af2c7b08	7571	7526	-45	29.321226	29.420011	0.098785	0	72	0.0095099723	99.049003	99.049881	7506	13	7	52
ffc184c8-7465-4785-a8cd-597bdb5bf554	2783	2773	-10	37.191520	37.205914	0.014394	0	21	0.0075458139	99.245419	99.245961	2764	7	2	12
